 8.102397E-09
 8.590609E-09
 5.445885E-08
 5.535737E-07
 3.750123E-06
 1.769445E-05
 6.357395E-05
 0.0001893032
 0.000490153
 0.001138959
 0.002426989
 0.004816457
 0.009005277
 0.01600464
 0.02721884
 0.04452889
 0.07035828
 0.1077077
 0.1601377
 0.2316706
 0.3266015
 0.4492007
 0.6033329
 0.7920468
 1.017181
 1.279129
 1.576783
 1.907776
 2.268936
 2.656917
 3.068835
 3.502822
 3.958362
 4.436411
 4.939384
 5.471088
 6.036631
 6.64227
 7.295257
 8.003386
 8.774416
 9.615145
 10.53059
 11.52313
 12.59214
 13.73415
 14.94357
 16.21403
 17.5398
 18.9176
 20.34777
 21.83515
 23.38917
 25.0232
 26.75247
 28.59183
 30.55195
 32.63641
 34.83926
 37.14469
 39.52953
 41.96832
 44.43913
 46.9294
 49.4399
 51.98395
 54.58461
 57.26784
 60.05474
 62.95336
 65.95135
 69.01489
 72.09229
 75.12565
 78.06685
 80.89143
 83.6059
 86.24258
 88.84581
 91.45485
 94.0881
 96.73481
 99.35547
 101.891
 104.2782
 106.4705
 108.452
 110.2465
 111.9101
 113.5114
 115.1066
 116.7199
 118.3355
 119.9061
 121.3695
 122.6718
 123.7838
 124.7092
 125.4831
 126.1575
 126.7848
 127.3967
 127.9942
 128.5481
 129.0155
 129.3594
 129.5647
 129.6412
 129.6179
 129.5318
 129.4174
 129.2998
 129.1868
 129.0678
 128.92
 128.7203
 128.4594
 128.1464
 127.805
 127.4612
 127.1336
 126.8309
 126.5509
 126.2837
 126.0136
 125.7285
 125.4252
 125.1194
 124.8404
 124.6231
 124.4938
 124.4629
 124.5254
 124.668
 124.8753
 125.1356
 125.4444
 125.8083
 126.2441
 126.7737
 127.4146
 128.1709
 129.0307
 129.9724
 130.9732
 132.0187
 133.1069
 134.2479
 135.4621
 136.7759
 138.2127
 139.7833
 141.4802
 143.2802
 145.155
 147.0842
 149.0628
 151.0994
 153.2102
 155.4103
 157.7094
 160.1067
 162.5913
 165.1466
 167.7569
 170.4159
 173.1295
 175.9136
 178.7825
 181.7437
 184.7886
 187.8961
 191.0403
 194.2015
 197.3776
 200.5861
 203.8567
 207.2207
 210.6936
 214.2672
 217.9121
 221.586
 225.2509
 228.8861
 232.4915
 236.088
 239.7053
 243.369
 247.0893
 250.8569
 254.6517
 258.4529
 262.2538
 266.0631
 269.8948
 273.7615
 277.6616
 281.5772
 285.4788
 289.331
 293.109
 296.8065
 300.4406
 304.0338
 308.1683
 313.1559
 317.5172
 321.0055
 323.5455
 325.7252
 328.9571
 333.2454
 336.4291
 337.7678
 339.1176
 341.3572
 343.5126
 345.0928
 346.7422
 348.8193
 350.5946
 351.2955
 351.3214
 351.6238
 352.237
 352.4387
 352.1045
 351.862
 351.9555
 351.8407
 351.0023
 349.5366
 347.7665
 345.7807
 343.5255
 341.0477
 338.4745
 335.8632
 333.0916
 329.9398
 326.4196
 322.841
 319.2482
 315.1604
 310.294
 305.0758
 300.0511
 295.1666
 289.9881
 284.4267
 278.8215
 273.3596
 267.8349
 262.0531
 256.139
 250.3228
 244.5953
 238.7498
 232.6398
 226.301
 219.9808
 213.9467
 208.1133
 202.1626
 196.1354
 190.4386
 185.1151
 179.6518
 173.8037
 168.0874
 162.9978
 158.2321
 153.2934
 148.3204
 143.7036
 139.3889
 135.0633
 130.7392
 126.7405
 123.0993
 119.3913
 115.3931
 111.5262
 108.2603
 105.3107
 102.042
 98.5196
 95.40034
 92.90306
 90.55527
 87.90364
 85.11628
 82.7587
 80.97513
 79.22153
 77.04926
 74.78976
 73.07267
 71.87891
 70.60231
 68.97433
 67.36312
 66.12605
 65.13123
 64.04742
 62.80292
 61.61004
 60.62606
 59.75838
 58.89073
 58.10809
 57.50489
 56.90532
 56.11524
 55.35388
 54.91785
 54.59906
 53.99808
 53.20539
 52.69375
 52.59795
 52.50947
 52.08656
 51.47218
 50.98082
 50.72029
 50.53804
 50.19966
 49.70628
 49.31421
 49.13216
 48.94578
 48.5746
 48.14648
 47.83765
 47.6034
 47.34477
 47.09679
 46.90696
 46.71127
 46.42157
 46.05473
 45.75991
 45.60946
 45.43398
 45.09057
 44.69728
 44.45624
 44.37056
 44.21545
 43.85247
 43.39639
 43.00967
 42.75053
 42.55188
 42.27603
 41.89284
 41.52932
 41.25826
 40.9617
 40.54219
 40.13861
 39.88051
 39.615
 39.18184
 38.69352
 38.30735
 37.98882
 37.62057
 37.18982
 36.79018
 36.45876
 36.08897
 35.58675
 35.05163
 34.64081
 34.32355
 33.93821
 33.4185
 32.87255
 32.44464
 32.14585
 31.86277
 31.45976
 30.89765
 30.31593
 29.90676
 29.68304
 29.46204
 29.11314
 28.70235
 28.33451
 28.00052
 27.65306
 27.34618
 27.16475
 27.03227
 26.7965
 26.47914
 26.21419
 25.99144
 25.73893
 25.60278
 25.7392
 25.90986
 25.75959
 25.38713
 25.21689
 25.3684
 25.52271
 25.46768
 25.40333
 25.53782
 25.7366
 25.79361
 25.75425
 25.79887
 26.01276
 26.31822
 26.55731
 26.67764
 26.79507
 27.03474
 27.39517
 27.80809
 28.23795
 28.64303
 28.94437
 29.15992
 29.45667
 29.93781
 30.50184
 30.992
 31.38537
 31.78307
 32.25882
 32.79298
 33.31134
 33.77973
 34.29438
 34.93067
 35.56915
 36.08007
 36.54649
 37.1241
 37.78654
 38.41749
 39.03363
 39.67812
 40.26157
 40.71911
 41.20249
 41.91111
 42.76271
 43.46075
 43.91739
 44.38409
 45.07042
 45.85803
 46.55729
 47.1915
 47.8371
 48.43992
 48.97731
 49.55821
 50.22998
 50.89942
 51.50258
 52.10687
 52.80389
 53.56073
 54.24488
 54.81572
 55.40241
 56.09902
 56.78476
 57.31152
 57.75618
 58.29522
 58.95384
 59.65649
 60.36272
 61.02005
 61.57788
 62.12616
 62.80448
 63.5609
 64.2206
 64.74733
 65.26661
 65.86172
 66.48022
 67.06035
 67.62433
 68.22312
 68.87485
 69.56776
 70.28088
 71.01032
 71.77901
 72.57931
 73.32242
 73.91979
 74.39835
 74.86813
 75.38487
 75.91088
 76.41442
 76.95342
 77.60078
 78.32317
 79.06192
 79.87184
 80.81995
 81.82981
 82.76064
 83.57643
 84.32802
 85.03854
 85.70879
 86.37195
 87.09861
 87.94364
 88.86835
 89.78574
 90.65907
 91.47357
 92.20272
 92.87868
 93.6037
 94.44548
 95.3733
 96.31814
 97.28548
 98.36793
 99.59768
 100.8746
 102.1175
 103.38
 104.7384
 106.1718
 107.6437
 109.1909
 110.8456
 112.5598
 114.215
 115.6989
 117.0432
 118.4013
 119.8209
 121.1859
 122.4361
 123.6585
 124.9011
 126.0771
 127.1156
 128.0528
 128.9005
 129.5757
 130.0389
 130.3566
 130.5984
 130.7633
 130.8095
 130.7418
 130.6467
 130.6003
 130.5654
 130.4243
 130.1391
 129.8326
 129.6408
 129.5284
 129.3452
 129.0408
 128.7335
 128.5504
 128.4568
 128.3084
 128.0627
 127.8304
 127.7145
 127.6796
 127.6133
 127.4648
 127.2551
 126.9833
 126.6257
 126.2206
 125.8584
 125.5515
 125.1908
 124.6868
 124.1081
 123.5652
 123.0022
 122.3025
 121.4963
 120.676
 119.8225
 118.8625
 117.8156
 116.7397
 115.6105
 114.4081
 113.2104
 112.085
 110.9884
 109.8383
 108.6346
 107.4462
 106.2985
 105.1514
 103.9784
 102.7862
 101.5704
 100.317
 99.04354
 97.8233
 96.72623
 95.70959
 94.66131
 93.56129
 92.48817
 91.49073
 90.55801
 89.69128
 88.90189
 88.16065
 87.42701
 86.70319
 86.01364
 85.36436
 84.73766
 84.09807
 83.42429
 82.7483
 82.12595
 81.56718
 81.02879
 80.4981
 80.05173
 79.74368
 79.49409
 79.19963
 78.88661
 78.65989
 78.5247
 78.35917
 78.11429
 77.90588
 77.80806
 77.72298
 77.59143
 77.54097
 77.65714
 77.79772
 77.82155
 77.83186
 78.00678
 78.31358
 78.56547
 78.70117
 78.8503
 79.1038
 79.37486
 79.56064
 79.70362
 79.901
 80.14152
 80.33424
 80.46158
 80.5918
 80.77365
 81.00121
 81.24719
 81.48627
 81.71653
 81.96222
 82.23177
 82.50956
 82.80714
 83.13855
 83.449
 83.67487
 83.86732
 84.13801
 84.46613
 84.71051
 84.84927
 85.01683
 85.27443
 85.5027
 85.58457
 85.58997
 85.67094
 85.84998
 86.02344
 86.11282
 86.13932
 86.16806
 86.22002
 86.26168
 86.2556
 86.18343
 86.04752
 85.87109
 85.66799
 85.42581
 85.14836
 84.88651
 84.67108
 84.44576
 84.14429
 83.79012
 83.43554
 83.06378
 82.62868
 82.15085
 81.6973
 81.27119
 80.79977
 80.25589
 79.71398
 79.24092
 78.80486
 78.33707
 77.83074
 77.33352
 76.8565
 76.36932
 75.88057
 75.42182
 74.98037
 74.51814
 74.03033
 73.54231
 73.05984
 72.56969
 72.0686
 71.55074
 71.01919
 70.51077
 70.04256
 69.57426
 69.08103
 68.60185
 68.16981
 67.75822
 67.32571
 66.87257
 66.43524
 66.03488
 65.65353
 65.26658
 64.87788
 64.51487
 64.1878
 63.87066
 63.55127
 63.26747
 63.03992
 62.81804
 62.55853
 62.29636
 62.08779
 61.92974
 61.77348
 61.59231
 61.40413
 61.22481
 61.03914
 60.84036
 60.6576
 60.51713
 60.39766
 60.26181
 60.11283
 59.98316
 59.89793
 59.86178
 59.84676
 59.81858
 59.78119
 59.76272
 59.76743
 59.77089
 59.77425
 59.82151
 59.92326
 60.02715
 60.10123
 60.1818
 60.30647
 60.4538
 60.57635
 60.66779
 60.76459
 60.89025
 61.03067
 61.16892
 61.31668
 61.49088
 61.6707
 61.8156
 61.92884
 62.05169
 62.19028
 62.31422
 62.4279
 62.56942
 62.73861
 62.89239
 63.02116
 63.16074
 63.32674
 63.49165
 63.62469
 63.72353
 63.8126
 63.91873
 64.04735
 64.17665
 64.27821
 64.35009
 64.40666
 64.451
 64.48576
 64.51958
 64.55468
 64.58792
 64.61562
 64.63134
 64.63143
 64.61745
 64.59168
 64.55086
 64.49283
 64.42449
 64.35187
 64.27268
 64.18463
 64.0875
 63.98827
 63.90652
 63.8451
 63.76743
 63.64393
 63.5046
 63.39961
 63.31414
 63.18772
 63.01502
 62.83811
 62.65736
 62.4401
 62.18898
 61.94105
 61.71155
 61.47204
 61.19597
 60.90479
 60.6428
 60.41759
 60.19435
 59.95982
 59.75011
 59.58545
 59.42718
 59.24061
 59.0457
 58.87549
 58.72371
 58.55344
 58.34658
 58.1324
 57.94897
 57.7943
 57.63416
 57.45127
 57.27185
 57.1185
 56.97556
 56.83728
 56.73483
 56.68373
 56.64777
 56.58678
 56.51577
 56.47812
 56.47635
 56.47274
 56.45143
 56.43591
 56.43511
 56.42038
 56.37771
 56.35089
 56.39152
 56.48468
 56.57381
 56.64956
 56.75964
 56.92628
 57.10965
 57.2722
 57.42897
 57.606
 57.79329
 57.96857
 58.13539
 58.31395
 58.51774
 58.74371
 58.97478
 59.19812
 59.41959
 59.65703
 59.92364
 60.2205
 60.54496
 60.89348
 61.25246
 61.6036
 61.93884
 62.26513
 62.58923
 62.9076
 63.21339
 63.51279
 63.8214
 64.15193
 64.50939
 64.8838
 65.25343
 65.60879
 65.96421
 66.3434
 66.75088
 67.16629
 67.57197
 67.96608
 68.35165
 68.72914
 69.08692
 69.41521
 69.73126
 70.06344
 70.41343
 70.75414
 71.07086
 71.3798
 71.69607
 72.0164
 72.3359
 72.65824
 72.98254
 73.29865
 73.60357
 73.90495
 74.20175
 74.47787
 74.72597
 74.96402
 75.20546
 75.43068
 75.61514
 75.77379
 75.94414
 76.12773
 76.28733
 76.40295
 76.4957
 76.58943
 76.6802
 76.75056
 76.79693
 76.83047
 76.86179
 76.89175
 76.91918
 76.94762
 76.98419
 77.0304
 77.07829
 77.11744
 77.14558
 77.16641
 77.17095
 77.14257
 77.0813
 77.00313
 76.9194
 76.82738
 76.72431
 76.62254
 76.54216
 76.48459
 76.42843
 76.36472
 76.31348
 76.28419
 76.25234
 76.19707
 76.13049
 76.06725
 75.994
 75.89468
 75.78075
 75.66785
 75.55062
 75.41441
 75.26029
 75.10744
 74.97701
 74.87715
 74.79776
 74.72479
 74.65891
 74.60508
 74.55737
 74.51176
 74.47672
 74.46536
 74.48353
 74.52546
 74.57622
 74.61777
 74.63721
 74.63007
 74.60178
 74.56875
 74.5566
 74.58668
 74.6637
 74.77951
 74.92302
 75.08142
 75.24361
 75.40917
 75.58311
 75.77058
 75.9805
 76.22606
 76.50998
 76.81013
 77.09174
 77.33476
 77.54324
 77.73378
 77.92844
 78.15501
 78.43564
 78.76612
 79.11623
 79.4626
 79.80428
 80.14149
 80.46526
 80.78493
 81.13644
 81.54267
 81.99603
 82.48704
 83.0204
 83.59496
 84.18735
 84.76167
 85.28555
 85.73724
 86.11398
 86.42932
 86.70578
 86.97445
 87.26871
 87.60365
 87.9677
 88.33615
 88.69467
 89.04494
 89.38949
 89.72305
 90.042
 90.35002
 90.64277
 90.90501
 91.13179
 91.34067
 91.55184
 91.76275
 91.95636
 92.13174
 92.3091
 92.49894
 92.6838
 92.83992
 92.96426
 93.06973
 93.16883
 93.26726
 93.36552
 93.45547
 93.52203
 93.55984
 93.58194
 93.60249
 93.62367
 93.64593
 93.67628
 93.71584
 93.75092
 93.75956
 93.73044
 93.67044
 93.59635
 93.52056
 93.44975
 93.38235
 93.30376
 93.19183
 93.03489
 92.84061
 92.6245
 92.3945
 92.15324
 91.90366
 91.64887
 91.39388
 91.14314
 90.89594
 90.65009
 90.40268
 90.14458
 89.86944
 89.58549
 89.30419
 89.02335
 88.7375
 88.45367
 88.18306
 87.92357
 87.66393
 87.40086
 87.14124
 86.88855
 86.63577
 86.37016
 86.08895
 85.81133
 85.55808
 85.32296
 85.07809
 84.80951
 84.53109
 84.25876
 83.99053
 83.72036
 83.45058
 83.18229
 82.90295
 82.59574
 82.25294
 81.8754
 81.46765
 81.0438
 80.62518
 80.22051
 79.81844
 79.41133
 79.00921
 78.62209
 78.23853
 77.8362
 77.41186
 76.98544
 76.57251
 76.17181
 75.78139
 75.40965
 75.06599
 74.74809
 74.45025
 74.17471
 73.92368
 73.69035
 73.46381
 73.23637
 73.00526
 72.77248
 72.54491
 72.32519
 72.10368
 71.87411
 71.65189
 71.4565
 71.28312
 71.11321
 70.94508
 70.79724
 70.68198
 70.58998
 70.51074
 70.45216
 70.4286
 70.44073
 70.47432
 70.51316
 70.54932
 70.58495
 70.62517
 70.67428
 70.73621
 70.81741
 70.92121
 71.04307
 71.17766
 71.32462
 71.48469
 71.66187
 71.86442
 72.09493
 72.34205
 72.59058
 72.83508
 73.08057
 73.33306
 73.59641
 73.87321
 74.15992
 74.44781
 74.73589
 75.02916
 75.32736
 75.62641
 75.92849
 76.2398
 76.55871
 76.87513
 77.18454
 77.48812
 77.78323
 78.06635
 78.34541
 78.6304
 78.92081
 79.20955
 79.49585
 79.78732
 80.08985
 80.40077
 80.71323
 81.02268
 81.33037
 81.63496
 81.92474
 82.18343
 82.40737
 82.6048
 82.78581
 82.95493
 83.11413
 83.26295
 83.40112
 83.53035
 83.65134
 83.76227
 83.86124
 83.94921
 84.03069
 84.10822
 84.17255
 84.21127
 84.22407
 84.21911
 84.19571
 84.1467
 84.07417
 83.98914
 83.89642
 83.7893
 83.6628
 83.51833
 83.35662
 83.17424
 82.96835
 82.73733
 82.48283
 82.21145
 81.92496
 81.61781
 81.28828
 80.94241
 80.58476
 80.21081
 79.81545
 79.4018
 78.97456
 78.53036
 78.06506
 77.58151
 77.08628
 76.58317
 76.07213
 75.55653
 75.0415
 74.52626
 74.00505
 73.4763
 72.94476
 72.41521
 71.88642
 71.35265
 70.81071
 70.26257
 69.71423
 69.17262
 68.63972
 68.11253
 67.58928
 67.07088
 66.55738
 66.04764
 65.54238
 65.04591
 64.56161
 64.09037
 63.63196
 63.18603
 62.75514
 62.34434
 61.9546
 61.58237
 61.2212
 60.86432
 60.51033
 60.16561
 59.84037
 59.53743
 59.24859
 58.96662
 58.69501
 58.44269
 58.21379
 58.00609
 57.81566
 57.64177
 57.48611
 57.34883
 57.22722
 57.12002
 57.03339
 56.97571
 56.94741
 56.94022
 56.94846
 56.97493
 57.02265
 57.08954
 57.16972
 57.2603
 57.36263
 57.47572
 57.59431
 57.71559
 57.84723
 58.00406
 58.19374
 58.41034
 58.64167
 58.88021
 59.12515
 59.37575
 59.62584
 59.86636
 60.09447
 60.3163
 60.53747
 60.75435
 60.95811
 61.14794
 61.33293
 61.52432
 61.72971
 61.95456
 62.20295
 62.47346
 62.75848
 63.05005
 63.34283
 63.63351
 63.92252
 64.21306
 64.50846
 64.8125
 65.12546
 65.44443
 65.7663
 66.09025
 66.4163
 66.74419
 67.07366
 67.40577
 67.74076
 68.07711
 68.41277
 68.74663
 69.07936
 69.40906
 69.73036
 70.03683
 70.32592
 70.59696
 70.84805
 71.08073
 71.30122
 71.51515
 71.72302
 71.92453
 72.12199
 72.32032
 72.5255
 72.74141
 72.96584
 73.18996
 73.40244
 73.59666
 73.77137
 73.92744
 74.0645
 74.18434
 74.29061
 74.38648
 74.47475
 74.55706
 74.63159
 74.69343
 74.73673
 74.75944
 74.76204
 74.74746
 74.72102
 74.6909
 74.66581
 74.65184
 74.64949
 74.65353
 74.65678
 74.65422
 74.64161
 74.61338
 74.56168
 74.47732
 74.35645
 74.20443
 74.03474
 73.86085
 73.6897
 73.52758
 73.3838
 73.26301
 73.1564
 73.04583
 72.91333
 72.74796
 72.5447
 72.30596
 72.04653
 71.79037
 71.55769
 71.35913
 71.20058
 71.08305
 70.99664
 70.92155
 70.83721
 70.73207
 70.60375
 70.45529
 70.29397
 70.12787
 69.96529
 69.8157
 69.68833
 69.58757
 69.51069
 69.44705
 69.37818
 69.28411
 69.15623
 69.00497
 68.85712
 68.74563
 68.69949
 68.73235
 68.83252
 68.96641
 69.09435
 69.18848
 69.23788
 69.24324
 69.21459
 69.17565
 69.15952
 69.19108
 69.27441
 69.40025
 69.55751
 69.73798
 69.934
 70.14038
 70.35971
 70.60446
 70.88985
 71.21724
 71.56792
 71.91715
 72.25584
 72.59344
 72.94332
 73.30922
 73.68711
 74.07339
 74.46968
 74.88309
 75.3183
 75.77114
 76.23223
 76.69356
 77.1511
 77.60036
 78.0365
 78.45976
 78.87929
 79.30996
 79.76362
 80.24276
 80.74306
 81.25873
 81.78661
 82.32703
 82.88542
 83.47019
 84.08504
 84.72419
 85.37688
 86.03797
 86.70687
 87.37972
 88.04864
 88.70529
 89.33975
 89.9394
 90.49266
 90.99596
 91.45437
 91.87479
 92.26355
 92.62489
 92.96259
 93.28294
 93.59608
 93.91164
 94.23339
 94.55404
 94.86002
 95.13932
 95.39116
 95.62511
 95.84954
 96.06261
 96.25465
 96.41175
 96.51845
 96.56287
 96.54311
 96.47006
 96.3616
 96.23508
 96.09885
 95.94967
 95.77873
 95.57934
 95.34885
 95.08627
 94.79128
 94.46301
 94.10056
 93.70259
 93.26853
 92.80046
 92.30028
 91.76717
 91.19756
 90.58766
 89.93519
 89.2432
 88.52325
 87.79394
 87.07116
 86.35821
 85.65076
 84.94454
 84.23556
 83.51516
 82.77292
 82.00538
 81.22115
 80.4351
 79.65694
 78.88715
 78.12353
 77.36685
 76.61933
 75.88188
 75.15651
 74.44767
 73.75861
 73.08829
 72.43089
 71.77851
 71.12646
 70.47791
 69.84161
 69.22361
 68.62086
 68.02466
 67.43053
 66.84244
 66.26678
 65.70601
 65.16118
 64.63743
 64.14172
 63.67619
 63.23653
 62.81776
 62.42118
 62.05109
 61.70885
 61.39187
 61.09901
 60.83237
 60.59291
 60.37952
 60.19211
 60.03337
 59.90692
 59.81144
 59.74113
 59.68725
 59.64483
 59.61674
 59.60943
 59.62525
 59.66206
 59.72163
 59.81086
 59.93453
 60.08911
 60.26708
 60.46503
 60.68641
 60.93541
 61.21298
 61.51794
 61.84734
 62.19636
 62.5591
 62.93356
 63.32288
 63.73287
 64.16691
 64.61987
 65.08233
 65.54888
 66.02422
 66.51684
 67.02795
 67.54875
 68.06872
 68.58401
 69.09615
 69.60683
 70.11568
 70.62176
 71.12505
 71.6276
 72.13027
 72.63036
 73.1228
 73.60362
 74.07388
 74.53658
 74.99324
 75.44367
 75.88749
 76.32388
 76.75037
 77.16128
 77.55299
 77.92547
 78.27957
 78.61217
 78.91785
 79.19701
 79.45567
 79.69613
 79.91352
 80.1024
 80.26373
 80.40228
 80.52001
 80.61398
 80.67998
 80.71556
 80.72069
 80.69583
 80.64067
 80.55528
 80.44015
 80.29539
 80.11971
 79.91253
 79.67743
 79.42101
 79.14791
 78.85885
 78.55231
 78.22565
 77.87553
 77.50074
 77.10342
 76.68924
 76.26325
 75.82674
 75.3772
 74.91167
 74.42993
 73.93461
 73.42801
 72.91084
 72.3835
 71.84938
 71.31439
 70.78223
 70.25258
 69.72314
 69.19305
 68.66257
 68.1308
 67.59364
 67.04763
 66.49483
 65.94214
 65.39436
 64.85063
 64.30892
 63.77284
 63.24879
 62.73721
 62.2323
 61.72818
 61.22248
 60.71651
 60.21292
 59.71404
 59.22208
 58.7404
 58.27417
 57.82937
 57.40995
 57.01746
 56.65199
 56.31469
 56.00762
 55.7322
 55.48878
 55.27858
 55.10299
 54.95992
 54.84326
 54.74637
 54.66586
 54.60055
 54.54794
 54.50405
 54.46687
 54.43837
 54.4239
 54.4292
 54.45885
 54.5164
 54.6048
 54.72519
 54.87523
 55.0505
 55.24804
 55.46964
 55.7194
 55.9986
 56.30423
 56.63208
 56.98079
 57.35147
 57.74617
 58.1671
 58.61547
 59.0906
 59.58852
 60.10303
 60.62978
 61.16845
 61.72134
 62.28848
 62.86675
 63.45199
 64.04403
 64.64748
 65.26846
 65.9088
 66.56768
 67.24567
 67.94624
 68.67194
 69.41784
 70.17267
 70.925
 71.66798
 72.39867
 73.11589
 73.81934
 74.51144
 75.19557
 75.87321
 76.54404
 77.20672
 77.86116
 78.50742
 79.14268
 79.75851
 80.34593
 80.90321
 81.44118
 81.9757
 82.51726
 83.0667
 83.61844
 84.16277
 84.68631
 85.17414
 85.61677
 86.01587
 86.38264
 86.73123
 87.07244
 87.41312
 87.75845
 88.11232
 88.47402
 88.83446
 89.17333
 89.45935
 89.66013
 89.75868
 89.76491
 89.70998
 89.62837
 89.54256
 89.46038
 89.38239
 89.30924
 89.24222
 89.18085
 89.12019
 89.04826
 88.94624
 88.79053
 88.55858
 88.23394
 87.81147
 87.30199
 86.73843
 86.17477
 85.67336
 85.27613
 84.97677
 84.71275
 84.39326
 83.95214
 83.38729
 82.75815
 82.14211
 81.58659
 81.09074
 80.62168
 80.14121
 79.62503
 79.07384
 78.52133
 78.02313
 77.62392
 77.32632
 77.08965
 76.86035
 76.60309
 76.30982
 75.98923
 75.65394
 75.31795
 74.99663
 74.70123
 74.4324
 74.18174
 73.94538
 73.7312
 73.55396
 73.41924
 73.31882
 73.24259
 73.19607
 73.2018
 73.28249
 73.44427
 73.67557
 73.95858
 74.28057
 74.63319
 75.00395
 75.37011
 75.70645
 76.00072
 76.26163
 76.51048
 76.76482
 77.03017
 77.30747
 77.60756
 77.95287
 78.36078
 78.82814
 79.33255
 79.8448
 80.34491
 80.829
 81.30307
 81.77422
 82.25117
 82.74863
 83.28231
 83.8559
 84.45619
 85.06222
 85.65597
 86.22086
 86.73663
 87.18227
 87.54836
 87.84573
 88.09968
 88.3353
 88.56541
 88.79208
 89.019
 89.25834
 89.52317
 89.81259
 90.10784
 90.38174
 90.61504
 90.80275
 90.95026
 91.06411
 91.14857
 91.2088
 91.2575
 91.31751
 91.40807
 91.5286
 91.65562
 91.7586
 91.8182
 91.82935
 91.79128
 91.69956
 91.54889
 91.33868
 91.07497
 90.76479
 90.41352
 90.02993
 89.62732
 89.22034
 88.81445
 88.40299
 87.97336
 87.52163
 87.05707
 86.59499
 86.14547
 85.7076
 85.27486
 84.84249
 84.41067
 83.98017
 83.54514
 83.09177
 82.60684
 82.08881
 81.54858
 80.9987
 80.44466
 79.88746
 79.33162
 78.78447
 78.24632
 77.70825
 77.16149
 76.60989
 76.07195
 75.56693
 75.10301
 74.6748
 74.26981
 73.87456
 73.48018
 73.08353
 72.68619
 72.2914
 71.90508
 71.53274
 71.17429
 70.82288
 70.47321
 70.12889
 69.80087
 69.49629
 69.21321
 68.94543
 68.69031
 68.45227
 68.23879
 68.05246
 67.88999
 67.74549
 67.61538
 67.50194
 67.41177
 67.34941
 67.31189
 67.29002
 67.27819
 67.27946
 67.30305
 67.35806
 67.4471
 67.56594
 67.70717
 67.86575
 68.03987
 68.22719
 68.42441
 68.6291
 68.84029
 69.05525
 69.26651
 69.46653
 69.65553
 69.84569
 70.05209
 70.28079
 70.52683
 70.78097
 71.03334
 71.2756
 71.50327
 71.71897
 71.93327
 72.16148
 72.41658
 72.69994
 72.99942
 73.29766
 73.58321
 73.85454
 74.11695
 74.37696
 74.63789
 74.89802
 75.15285
 75.40041
 75.64043
 75.86978
 76.07852
 76.25654
 76.40066
 76.51837
 76.62067
 76.71286
 76.79608
 76.87267
 76.94667
 77.01825
 77.07986
 77.12049
 77.13376
 77.12161
 77.09066
 77.04455
 76.9804
 76.89196
 76.77504
 76.63138
 76.46667
 76.28525
 76.0864
 75.86725
 75.62968
 75.38231
 75.13099
 74.87268
 74.59693
 74.29572
 73.97086
 73.63028
 73.27991
 72.91904
 72.54715
 72.17024
 71.79677
 71.42773
 71.05582
 70.67535
 70.29062
 69.91132
 69.54118
 69.17426
 68.80177
 68.4207
 68.03439
 67.64735
 67.26155
 66.87762
 66.49605
 66.11675
 65.74012
 65.36876
 65.00656
 64.65575
 64.31553
 63.98299
 63.65348
 63.31993
 62.97382
 62.60976
 62.23229
 61.8576
 61.50416
 61.18075
 60.88551
 60.61583
 60.3763
 60.17286
 60.00229
 59.84948
 59.69714
 59.53631
 59.36699
 59.19044
 59.00574
 58.81524
 58.63202
 58.47496
 58.357
 58.2778
 58.228
 58.19823
 58.18339
 58.17883
 58.17404
 58.15502
 58.11361
 58.05503
 57.99578
 57.95318
 57.93794
 57.95123
 57.99016
 58.05457
 58.14899
 58.27791
 58.44056
 58.6312
 58.84225
 59.06649
 59.299
 59.53692
 59.78106
 60.03816
 60.31747
 60.62474
 60.9586
 61.31192
 61.67722
 62.04861
 62.42333
 62.80223
 63.18859
 63.58612
 63.99771
 64.42312
 64.8578
 65.2935
 65.72266
 66.14172
 66.55247
 66.9612
 67.37552
 67.80091
 68.23991
 68.69312
 69.15829
 69.62814
 70.09036
 70.533
 70.94927
 71.34187
 71.72018
 72.09494
 72.47133
 72.84779
 73.21914
 73.58283
 73.94068
 74.29651
 74.65119
 75.00153
 75.34418
 75.67722
 75.99797
 76.30027
 76.57814
 76.8323
 77.06994
 77.30051
 77.52731
 77.74821
 77.96141
 78.17027
 78.38001
 78.59095
 78.79579
 78.98283
 79.14401
 79.27787
 79.38638
 79.47012
 79.5276
 79.56152
 79.57991
 79.59186
 79.60023
 79.60036
 79.58427
 79.5467
 79.48753
 79.41163
 79.32546
 79.23528
 79.14568
 79.0598
 78.977
 78.88989
 78.78619
 78.65281
 78.48264
 78.27816
 78.04989
 77.81207
 77.58015
 77.36873
 77.18748
 77.03474
 76.89426
 76.73872
 76.5429
 76.29749
 76.01524
 75.72281
 75.44611
 75.20062
 74.99014
 74.80779
 74.63715
 74.45583
 74.24377
 73.9938
 73.71974
 73.45233
 73.22453
 73.05465
 72.94009
 72.86407
 72.80843
 72.76094
 72.71387
 72.66337
 72.60987
 72.55895
 72.5202
 72.50297
 72.51263
 72.54713
 72.59976
 72.66422
 72.73867
 72.82473
 72.92776
 73.05375
 73.20785
 73.3918
 73.60548
 73.85076
 74.13305
 74.45875
 74.82893
 75.2374
 75.67226
 76.12041
 76.56857
 77.00741
 77.4345
 77.85708
 78.28739
 78.73546
 79.20439
 79.69289
 80.19918
 80.72317
 81.26354
 81.81738
 82.38223
 82.95885
 83.5529
 84.17059
 84.81605
 85.4894
 86.18615
 86.89616
 87.60542
 88.29986
 88.97047
 89.61526
 90.23582
 90.83257
 91.40264
 91.94037
 92.44154
 92.90441
 93.32949
 93.71748
 94.07074
 94.39268
 94.68871
 94.96198
 95.21269
 95.43739
 95.63364
 95.80113
 95.94141
 96.05419
 96.13536
 96.18082
 96.18845
 96.16067
 96.10152
 96.01277
 95.89395
 95.74567
 95.57452
 95.39333
 95.21386
 95.03893
 94.85839
 94.65316
 94.4035
 94.09623
 93.72983
 93.31293
 92.85814
 92.37712
 91.8769
 91.35992
 90.8231
 90.25765
 89.65154
 88.9957
 88.28973
 87.54084
 86.75815
 85.95058
 85.12817
 84.30437
 83.4939
 82.70714
 81.94562
 81.20302
 80.4709
 79.74143
 79.00895
 78.27096
 77.52972
 76.79119
 76.06168
 75.34213
 74.62828
 73.91501
 73.20148
 72.49229
 71.7959
 71.12119
 70.47634
 69.86784
 69.29716
 68.75832
 68.24162
 67.73913
 67.25004
 66.77863
 66.33028
 65.90716
 65.50978
 65.13939
 64.79937
 64.49105
 64.21169
 63.95461
 63.71212
 63.47785
 63.24944
 63.02831
 62.81952
 62.62762
 62.45432
 62.30136
 62.17161
 62.0691
 61.99653
 61.95181
 61.93072
 61.93078
 61.95475
 62.00814
 62.09269
 62.20555
 62.34315
 62.50618
 62.69893
 62.92323
 63.17425
 63.44153
 63.71495
 63.98887
 64.26382
 64.54492
 64.83949
 65.15395
 65.49309
 65.85914
 66.25108
 66.66426
 67.09373
 67.5365
 67.99188
 68.45973
 68.93739
 69.42054
 69.90567
 70.39243
 70.88302
 71.37783
 71.87294
 72.36122
 72.83698
 73.29827
 73.74687
 74.18578
 74.61784
 75.04631
 75.47324
 75.89809
 76.31814
 76.73018
 77.13294
 77.52512
 77.90411
 78.26591
 78.60751
 78.92863
 79.23204
 79.52028
 79.79269
 80.04514
 80.27126
 80.46575
 80.62689
 80.75555
 80.85292
 80.91846
 80.95181
 80.95657
 80.94008
 80.90901
 80.86365
 80.79684
 80.69958
 80.56709
 80.39964
 80.19861
 79.9633
 79.69192
 79.3849
 79.04621
 78.68153
 78.29504
 77.88899
 77.46561
 77.02729
 76.57576
 76.11117
 75.63254
 75.13989
 74.63467
 74.1184
 73.59135
 73.05272
 72.50224
 71.94101
 71.37259
 70.80125
 70.23052
 69.66339
 69.10255
 68.54851
 68.00069
 67.45631
 66.91203
 66.36356
 65.80646
 65.23753
 64.65873
 64.07844
 63.51041
 62.96886
 62.46431
 62.00194
 61.58239
 61.2011
 60.84692
 60.50243
 60.14944
 59.77521
 59.37549
 58.9534
 58.51639
 58.07414
 57.63705
 57.21568
 56.82045
 56.46164
 56.1496
 55.89217
 55.69139
 55.5402
 55.42437
 55.32692
 55.23289
 55.13135
 55.01581
 54.88515
 54.7442
 54.60302
 54.47374
 54.36607
 54.28376
 54.22623
 54.19169
 54.18048
 54.19509
 54.23793
 54.30891
 54.40614
 54.52888
 54.67939
 54.86122
 55.07647
 55.32442
 55.60356
 55.91324
 56.25444
 56.62696
 57.02713
 57.44916
 57.88692
 58.33648
 58.79516
 59.25968
 59.72617
 60.19275
 60.66106
 61.13583
 61.62258
 62.1263
 62.65149
 63.20171
 63.77791
 64.37611
 64.98723
 65.59836
 66.19554
 66.76848
 67.31415
 67.83815
 68.35241
 68.87046
 69.40187
 69.95187
 70.52162
 71.11044
 71.71694
 72.33903
 72.97344
 73.61426
 74.25233
 74.87466
 75.46771
 76.02122
 76.53104
 76.99944
 77.43289
 77.84094
 78.23425
 78.62249
 79.01028
 79.39603
 79.77293
 80.13238
 80.46629
 80.76876
 81.03802
 81.27809
 81.49889
 81.71375
 81.93229
 82.15585
 82.37736
 82.58352
 82.75922
 82.89177
 82.97431
 83.00909
 83.00542
 82.97577
 82.9315
 82.88091
 82.82778
 82.77077
 82.70371
 82.6193
 82.51394
 82.39014
 82.25467
 82.11575
 81.98066
 81.85227
 81.72787
 81.59811
 81.44827
 81.26066
 81.01908
 80.717
 80.36105
 79.97052
 79.56806
 79.17074
 78.78565
 78.41186
 78.04549
 77.6828
 77.32011
 76.95255
 76.57491
 76.18478
 75.78297
 75.37334
 74.95966
 74.54502
 74.13199
 73.72502
 73.33047
 72.95623
 72.60976
 72.29185
 71.99509
 71.70521
 71.40981
 71.10576
 70.79988
 70.50334
 70.22773
 69.98469
 69.78671
 69.64493
 69.56493
 69.54456
 69.57563
 69.64656
 69.74605
 69.86431
 69.99382
 70.12901
 70.26633
 70.40671
 70.55579
 70.72243
 70.91517
 71.13748
 71.38917
 71.66792
 71.97266
 72.30423
 72.66447
 73.05562
 73.47939
 73.93835
 74.43493
 74.97161
 75.54794
 76.16022
 76.80273
 77.4711
 78.16158
 78.86935
 79.58682
 80.30446
 81.01651
 81.72269
 82.42949
 83.14402
 83.87081
 84.60855
 85.35352
 86.10319
 86.85707
 87.61524
 88.3751
 89.13064
 89.87561
 90.60726
 91.32659
 92.03535
 92.73125
 93.40658
 94.05115
 94.65736
 95.22156
 95.74367
 96.22294
 96.65743
 97.04465
 97.38485
 97.68179
 97.94144
 98.16879
 98.3672
 98.53746
 98.67895
 98.7899
 98.86807
 98.91099
 98.91639
 98.88584
 98.82433
 98.73972
 98.63773
 98.51669
 98.36682
 98.17417
 97.9285
 97.62885
 97.28252
 96.89938
 96.48498
 96.03829
 95.55283
 95.02079
 94.43746
 93.80325
 93.12524
 92.41544
 91.6862
 90.94602
 90.19777
 89.43932
 88.66711
 87.87933
 87.07613
 86.25814
 85.42506
 84.57641
 83.71306
 82.84164
 81.97342
 81.11883
 80.28041
 79.45188
 78.62287
 77.78755
 76.94804
 76.11224
 75.2881
 74.47901
 73.68447
 72.90294
 72.13558
 71.38583
 70.6576
 69.9521
 69.2676
 68.60213
 67.9575
 67.33883
 66.75178
 66.19978
 65.68286
 65.19822
 64.74255
 64.31283
 63.90387
 63.50874
 63.12034
 62.736
 62.35861
 61.99631
 61.65692
 61.34578
 61.06396
 60.80898
 60.57668
 60.36367
 60.16962
 59.99921
 59.85963
 59.75681
 59.69291
 59.66671
 59.67422
 59.71212
 59.7785
 59.87394
 59.99913
 60.15249
 60.32823
 60.52
 60.72498
 60.94704
 61.19327
 61.46795
 61.76954
 62.09176
 62.43005
 62.78477
 63.16008
 63.55954
 63.98305
 64.42748
 64.88968
 65.36932
 65.868
 66.38788
 66.92784
 67.48245
 68.04234
 68.59763
 69.14151
 69.67133
 70.18726
 70.6904
 71.18323
 71.6703
 72.15588
 72.64257
 73.12974
 73.61453
 74.09486
 74.57014
 75.0416
 75.50922
 75.97195
 76.42632
 76.86772
 77.29234
 77.69743
 78.08073
 78.43953
 78.7718
 79.0763
 79.35371
 79.60516
 79.83169
 80.03503
 80.21777
 80.3835
 80.53477
 80.67149
 80.78907
 80.87923
 80.93417
 80.94884
 80.9235
 80.86158
 80.76662
 80.64011
 80.48023
 80.28539
 80.05622
 79.79604
 79.507
 79.18856
 78.8383
 78.45547
 78.04443
 77.61271
 77.1676
 76.71274
 76.24777
 75.77058
 75.279
 74.77274
 74.25341
 73.72417
 73.18925
 72.65239
 72.11511
 71.57649
 71.03333
 70.48293
 69.92358
 69.35564
 68.78073
 68.20081
 67.61774
 67.03432
 66.45537
 65.8875
 65.33652
 64.80556
 64.29379
 63.79741
 63.31149
 62.83135
 62.35283
 61.87222
 61.38755
 60.90002
 60.41463
 59.93939
 59.48236
 59.04766
 58.63386
 58.23543
 57.84718
 57.46867
 57.10468
 56.76091
 56.43947
 56.13554
 55.83993
 55.5436
 55.24221
 54.93736
 54.63496
 54.34257
 54.06787
 53.81887
 53.60423
 53.43204
 53.30793
 53.23304
 53.20372
 53.2136
 53.25603
 53.3251
 53.41668
 53.52838
 53.65897
 53.80684
 53.9695
 54.14369
 54.32781
 54.52413
 54.73857
 54.97855
 55.25027
 55.55687
 55.89832
 56.27134
 56.66951
 57.083
 57.50058
 57.91409
 58.32275
 58.7329
 59.15461
 59.59629
 60.06196
 60.55172
 61.06413
 61.59828
 62.15441
 62.73286
 63.33198
 63.94748
 64.5742
 65.20793
 65.84701
 66.49176
 67.14219
 67.79585
 68.44694
 69.08971
 69.72221
 70.34872
 70.97799
 71.6184
 72.27232
 72.93502
 73.59821
 74.25418
 74.89827
 75.52826
 76.14291
 76.74111
 77.32091
 77.88097
 78.42141
 78.94505
 79.45746
 79.96487
 80.47118
 80.97408
 81.46509
 81.93266
 82.36756
 82.76633
 83.13208
 83.47163
 83.79101
 84.09428
 84.38558
 84.67007
 84.95311
 85.23603
 85.51137
 85.76411
 85.97785
 86.14275
 86.25962
 86.33911
 86.39671
 86.44682
 86.49855
 86.5539
 86.60862
 86.65579
 86.68687
 86.69124
 86.65569
 86.56699
 86.417
 86.20657
 85.94469
 85.64286
 85.30955
 84.94836
 84.56047
 84.14816
 83.71989
 83.29063
 82.87674
 82.48716
 82.11629
 81.74352
 81.34147
 80.89034
 80.39017
 79.86252
 79.33723
 78.83711
 78.36515
 77.90868
 77.45109
 76.98351
 76.5089
 76.03967
 75.59297
 75.18659
 74.83295
 74.53288
 74.27386
 74.0371
 73.80647
 73.57564
 73.34891
 73.13705
 72.95238
 72.80176
 72.68417
 72.59253
 72.5185
 72.45592
 72.39956
 72.34332
 72.28271
 72.21823
 72.15884
 72.1199
 72.12069
 72.18078
 72.31586
 72.53407
 72.83363
 73.20334
 73.62751
 74.08891
 74.57037
 75.05503
 75.52819
 75.98245
 76.42033
 76.85382
 77.29635
 77.75833
 78.24387
 78.75334
 79.287
 79.84507
 80.42649
 81.02708
 81.63901
 82.25521
 82.87254
 83.49172
 84.11592
 84.74873
 85.39302
 86.05088
 86.7222
 87.40355
 88.08746
 88.76449
 89.42593
 90.06445
 90.67422
 91.24928
 91.7858
 92.28271
 92.74169
 93.16473
 93.55454
 93.91585
 94.2571
 94.58654
 94.90773
 95.21859
 95.51363
 95.78699
 96.03393
 96.25177
 96.44066
 96.60318
 96.74075
 96.85017
 96.92451
 96.95693
 96.94251
 96.87815
 96.76204
 96.59721
 96.39184
 96.1544
 95.88802
 95.58824
 95.24632
 94.85355
 94.40315
 93.89108
 93.31892
 92.69735
 92.04471
 91.37952
 90.7122
 90.04399
 89.37132
 88.6918
 88.00492
 87.30839
 86.59791
 85.86967
 85.12453
 84.36855
 83.61062
 82.85784
 82.11365
 81.37832
 80.65136
 79.93317
 79.22569
 78.52885
 77.83942
 77.15203
 76.46298
 75.77187
 75.08111
 74.39439
 73.71659
 73.05364
 72.41206
 71.79695
 71.21002
 70.64948
 70.11249
 69.59793
 69.10589
 68.63748
 68.1926
 67.77036
 67.37048
 66.99157
 66.63077
 66.28413
 65.94981
 65.62965
 65.32825
 65.05019
 64.79832
 64.57386
 64.37679
 64.20459
 64.05364
 63.9194
 63.79996
 63.6967
 63.61282
 63.55209
 63.51717
 63.50964
 63.52912
 63.5754
 63.64849
 63.74901
 63.87638
 64.02796
 64.20106
 64.3947
 64.61089
 64.8519
 65.11617
 65.39919
 65.6963
 66.00544
 66.32761
 66.66383
 67.01373
 67.37492
 67.74499
 68.12429
 68.5157
 68.92181
 69.34187
 69.77248
 70.21121
 70.65778
 71.11221
 71.57214
 72.03359
 72.4933
 72.9518
 73.41195
 73.87548
 74.34054
 74.80281
 75.25848
 75.70616
 76.14674
 76.58052
 77.00595
 77.42025
 77.82088
 78.20706
 78.57927
 78.93871
 79.28521
 79.61787
 79.93373
 80.22965
 80.50259
 80.75063
 80.97327
 81.17222
 81.34986
 81.50881
 81.65009
 81.77197
 81.87081
 81.94176
 81.98115
 81.98735
 81.96046
 81.90186
 81.81248
 81.69292
 81.54214
 81.35903
 81.14346
 80.89764
 80.62456
 80.32607
 80.00333
 79.65768
 79.29284
 78.91325
 78.52136
 78.11571
 77.69305
 77.25078
 76.78664
 76.29983
 75.79064
 75.26281
 74.72202
 74.17392
 73.62148
 73.06551
 72.50596
 71.94373
 71.38115
 70.82111
 70.26304
 69.70349
 69.13662
 68.55886
 67.9724
 67.3851
 66.80697
 66.24629
 65.70805
 65.19512
 64.70863
 64.24786
 63.80857
 63.38241
 62.95869
 62.52636
 62.07807
 61.61177
 61.13056
 60.64113
 60.15247
 59.67479
 59.21918
 58.79758
 58.42167
 58.10086
 57.83916
 57.63103
 57.46056
 57.30476
 57.1407
 56.95314
 56.73867
 56.50323
 56.25628
 56.00611
 55.75875
 55.52001
 55.29688
 55.09728
 54.92826
 54.79519
 54.69994
 54.64025
 54.60946
 54.59898
 54.60266
 54.62066
 54.6597
 54.72957
 54.8391
 54.99373
 55.19565
 55.44436
 55.73618
 56.06447
 56.4192
 56.78852
 57.16062
 57.5265
 57.88155
 58.2277
 58.57228
 58.92643
 59.3023
 59.70969
 60.15359
 60.63281
 61.14203
 61.67469
 62.2253
 62.78882
 63.35816
 63.92363
 64.4751
 65.007
 65.52149
 66.02819
 66.53991
 67.06806
 67.61856
 68.19054
 68.77802
 69.37376
 69.97203
 70.57004
 71.16674
 71.7617
 72.35461
 72.94492
 73.53234
 74.11599
 74.69505
 75.26681
 75.82754
 76.37097
 76.89028
 77.38002
 77.83813
 78.26846
 78.68091
 79.08783
 79.49886
 79.91519
 80.32815
 80.72216
 81.08206
 81.39921
 81.67466
 81.91605
 82.13611
 82.34966
 82.57275
 82.81734
 83.08634
 83.36808
 83.63895
 83.87025
 84.03753
 84.13089
 84.15984
 84.15048
 84.13434
 84.13293
 84.14715
 84.15704
 84.13304
 84.04957
 83.89823
 83.69202
 83.46333
 83.25288
 83.09093
 82.98055
 82.89326
 82.78181
 82.60146
 82.32823
 81.96483
 81.53785
 81.08963
 80.66528
 80.29416
 79.97649
 79.6849
 79.37883
 79.025
 78.61021
 78.14392
 77.65172
 77.1618
 76.69158
 76.2384
 75.78292
 75.30196
 74.78593
 74.24853
 73.72198
 73.24218
 72.83295
 72.49816
 72.22209
 71.97687
 71.73303
 71.4721
 71.19611
 70.92561
 70.68773
 70.50091
 70.36869
 70.28278
 70.22935
 70.19338
 70.16051
 70.1209
 70.07195
 70.02064
 69.98083
 69.9701
 70.00379
 70.09159
 70.23582
 70.43262
 70.67484
 70.95491
 71.26742
 71.60798
 71.96981
 72.34311
 72.71964
 73.09985
 73.49394
 73.91673
 74.37962
 74.88792
 75.43935
 76.02572
 76.63416
 77.2515
 77.87064
 78.49191
 79.11897
 79.75464
 80.4013
 81.06099
 81.73451
 82.41824
 83.10383
 83.78294
 84.45187
 85.11234
 85.76737
 86.41944
 87.06995
 87.71975
 88.36617
 89.0007
 89.61243
 90.19273
 90.7398
 91.25681
 91.74832
 92.2159
 92.65612
 93.06287
 93.43189
 93.76813
 94.08547
 94.40124
 94.72573
 95.05618
 95.37846
 95.67529
 95.93223
 96.14059
 96.29907
 96.41325
 96.49078
 96.53377
 96.53434
 96.48248
 96.37399
 96.21322
 96.00829
 95.76379
 95.48097
 95.15939
 94.80052
 94.40798
 93.9898
 93.55759
 93.12428
 92.69779
 92.2756
 91.84592
 91.39357
 90.90467
 90.3679
 89.77667
 89.13147
 88.4416
 87.72251
 86.98846
 86.24945
 85.51132
 84.77814
 84.05146
 83.32964
 82.61069
 81.895
 81.18507
 80.48026
 79.7747
 79.05875
 78.32493
 77.56892
 76.79134
 75.99899
 75.20567
 74.42793
 73.67751
 72.95487
 72.25283
 71.56453
 70.88909
 70.22978
 69.59164
 68.9816
 68.40614
 67.86724
 67.35877
 66.86938
 66.39257
