 8.102397E-09
 2.579482E-07
 9.246626E-06
 0.000120311
 0.0008555608
 0.004484219
 0.02291957
 0.1518052
 1.382971
 14.86073
 169.3195
 1966.477
 20284.51
 81186.13
 329300.9
 4761693
 1.81761E+08
 8.874826E+09
 4.720181E+11
 2.63912E+13
 1.528096E+15
 9.075399E+16
 5.491703E+18
 3.37016E+20
 2.09067E+22
 1.308018E+24
 8.239823E+25
 5.219975E+27
 3.322521E+29
 1.000000E+30
 1.000000E+30
 1.000000E+30
 1.000000E+30
 1.000000E+30
 1.000000E+30
 1.000000E+30
 1.000000E+30
 1.000000E+30
 1.000000E+30
 1.000000E+30
 1.000000E+30
 1.000000E+30
 1.000000E+30
 1.000000E+30
 1.000000E+30
 1.000000E+30
 1.000000E+30
 1.000000E+30
 1.000000E+30
 1.000000E+30
 1.000000E+30
 1.000000E+30
 1.000000E+30
 1.000000E+30
 1.000000E+30
 1.000000E+30
 1.000000E+30
 1.000000E+30
 1.000000E+30
 1.000000E+30
 1.000000E+30
 1.000000E+30
 1.000000E+30
 1.000000E+30
 1.000000E+30
 1.000000E+30
 1.000000E+30
 1.000000E+30
 1.000000E+30
 1.000000E+30
 1.000000E+30
 1.000000E+30
 1.000000E+30
 1.000000E+30
 1.000000E+30
 1.000000E+30
 1.000000E+30
 1.000000E+30
 1.000000E+30
 1.000000E+30
 1.000000E+30
 1.000000E+30
 1.000000E+30
 1.000000E+30
 1.000000E+30
 1.000000E+30
 1.000000E+30
 1.000000E+30
 1.000000E+30
 1.000000E+30
 1.000000E+30
 1.000000E+30
 1.000000E+30
 1.000000E+30
 1.000000E+30
 1.000000E+30
 1.000000E+30
 1.000000E+30
 1.000000E+30
 1.000000E+30
 1.000000E+30
 1.000000E+30
 1.000000E+30
 1.000000E+30
 1.000000E+30
 1.000000E+30
 1.000000E+30
 1.000000E+30
 1.000000E+30
 1.000000E+30
 1.000000E+30
 1.000000E+30
 1.000000E+30
 1.000000E+30
 1.000000E+30