 8.102397E-09
 7.385384E-08
 2.924076E-06
 3.973368E-05
 0.0002733867
 0.001261452
 0.004468561
 0.01310442
 0.03331632
 0.07564958
 0.1568661
 0.3042955
 0.5804138
 1.236264
 3.647712
 15.9217
 86.42952
 505.1913
 3032.731
 18115.06
 65580.2
 114531.4
 280323.1
 2602949
 5.166998E+07
 1.29294E+09
 3.526786E+10
 1.004589E+12
 2.939933E+13
 8.768407E+14
 2.652263E+16
 8.109514E+17
 2.500568E+19
 7.76247E+20
 2.42283E+22
 7.595981E+23
 2.390302E+25
 7.545295E+26
 2.388059E+28
 7.575258E+29
 1.000000E+30
 1.000000E+30
 1.000000E+30
 1.000000E+30
 1.000000E+30
 1.000000E+30
 1.000000E+30
 1.000000E+30
 1.000000E+30
 1.000000E+30
 1.000000E+30
 1.000000E+30
 1.000000E+30
 1.000000E+30
 1.000000E+30
 1.000000E+30
 1.000000E+30
 1.000000E+30
 1.000000E+30
 1.000000E+30
 1.000000E+30
 1.000000E+30
 1.000000E+30
 1.000000E+30
 1.000000E+30
 1.000000E+30
 1.000000E+30
 1.000000E+30
 1.000000E+30
 1.000000E+30
 1.000000E+30
 1.000000E+30
 1.000000E+30
 1.000000E+30
 1.000000E+30
 1.000000E+30
 1.000000E+30
 1.000000E+30
 1.000000E+30
 1.000000E+30
 1.000000E+30
 1.000000E+30
 1.000000E+30
 1.000000E+30
 1.000000E+30
 1.000000E+30
 1.000000E+30
 1.000000E+30
 1.000000E+30
 1.000000E+30
 1.000000E+30
 1.000000E+30
 1.000000E+30
 1.000000E+30
 1.000000E+30
 1.000000E+30
 1.000000E+30
 1.000000E+30
 1.000000E+30
 1.000000E+30
 1.000000E+30
 1.000000E+30
 1.000000E+30
 1.000000E+30
 1.000000E+30
 1.000000E+30
 1.000000E+30
 1.000000E+30
 1.000000E+30
 1.000000E+30