 8.102397E-09
 4.015457E-08
 8.917743E-07
 1.210225E-05
 8.40842E-05
 0.0003899903
 0.001389195
 0.004099994
 0.01050516
 0.02409147
 0.05046694
 0.09791367
 0.177613
 0.3031724
 0.4891255
 0.748341
 1.088946
 1.511994
 2.011347
 2.57637
 3.196527
 3.865831
 4.585324
 5.363518
 6.215835
 7.163752
 8.23295
 9.44921
 10.8321
 12.38865
 14.11101
 15.98028
 17.97619
 20.08919
 22.32969
 24.73111
 27.34284
 30.21263
 33.36168
 36.76505
 40.35315
 44.04185
 47.77785
 51.57035
 55.48682
 59.61252
 63.98959
 68.56386
 73.17887
 77.64573
 81.85697
 85.85223
 89.77044
 93.72738
 97.71391
 101.5795
 105.1133
 108.1818
 110.8344
 113.2735
 115.6991
 118.153
 120.4977
 122.5311
 124.1372
 125.3624
 126.3747
 127.3272
 128.2349
 128.9797
 129.44
 129.5977
 129.5394
 129.39
 129.2376
 129.0791
 128.8375
 128.458
 127.9714
 127.4579
 126.981
 126.5574
 126.1508
 125.7063
 125.2208
 124.778
 124.4885
 124.411
 124.5348
 124.8119
 125.199
 125.703
 126.3879
 127.3195
 128.4995
 129.8672
 131.3548
 132.935
 134.6459
 136.578
 138.8061
 141.3195
 144.0369
 146.8857
 149.855
 152.987
 156.3324
 159.9017
 163.6481
 167.5149
 171.4974
 175.6438
 179.9986
 184.5468
 189.2095
 193.9087
 198.651
 203.5376
 208.6619
 214.0146
 219.4862
 224.9505
 230.3541
 235.7488
 241.2264
 246.8176
 252.4731
 258.1356
 263.8099
 269.5529
 275.3975
 281.287
 287.0971
 292.7411
 298.2351
 303.6479
 310.3882
 317.3583
 322.456
 325.5304
 330.7713
 336.478
 338.3014
 341.2681
 344.0421
 346.5223
 349.7344
 350.9518
 351.2215
 352.0646
 351.8921
 351.7473
 351.8979
 350.6955
 348.4681
 345.557
 341.9299
 338.3423
 334.5121
 329.5472
 324.5777
 319.3925
 312.3891
 305.0309
 297.7871
 289.7117
 281.5788
 273.5439
 265.0062
 256.2999
 247.8763
 238.9908
 229.3629
 220.4117
 211.336
 202.1243
 193.9953
 185.4203
 176.6802
 168.8569
 160.9261
 153.5716
 146.7951
 139.5872
 133.3657
 127.7124
 121.2931
 115.7281
 110.9047
 105.2958
 100.3822
 96.50365
 91.93818
 87.90633
 84.94218
 81.40556
 78.02079
 75.62186
 73.0993
 70.59815
 68.68242
 66.64382
 64.9052
 63.1514
 61.23529
 60.18446
 59.04952
 57.5801
 56.80268
 56.12918
 54.79556
 53.94237
 53.68601
 52.93327
 52.2809
 51.869
 51.15058
 50.56636
 50.15377
 49.61132
 49.21271
 48.68713
 48.07069
 47.83002
 47.46237
 46.96283
 46.61753
 46.35898
 45.77147
 45.33519
 45.17763
 44.71508
 44.26817
 43.86641
 43.22197
 42.86765
 42.56101
 41.89681
 41.49323
 41.04526
 40.42185
 40.01493
 39.4156
 38.68675
 38.18993
 37.7627
 37.12465
 36.38084
 35.88129
 35.33869
 34.41178
 33.73352
 33.28385
 32.76428
 32.10963
 31.14524
 30.65361
 30.28657
 29.5757
 29.25192
 28.56498
 27.83381
 27.80867
 27.56003
 26.77449
 26.38441
 26.28744
 26.06815
 25.99888
 25.85803
 25.58312
 25.46979
 25.61417
 25.73723
 25.71303
 25.65805
 25.84562
 26.28466
 26.30762
 26.30504
 26.96451
 27.46259
 27.7927
 28.42638
 28.76815
 29.33607
 30.06643
 30.62475
 31.37269
 31.99333
 32.61969
 33.64602
 34.48096
 35.03326
 35.90774
 36.91634
 37.86378
 38.60939
 39.31893
 40.40728
 41.36235
 42.20265
 43.15266
 44.14566
 45.18314
 46.09638
 47.11348
 48.0654
 48.89204
 49.91948
 50.93419
 51.73642
 52.67326
 53.83696
 54.82711
 55.6035
 56.53168
 57.46849
 58.23885
 59.17785
 60.10843
 61.03743
 62.14722
 63.1286
 64.00166
 64.93084
 65.81085
 66.70255
 67.57629
 68.3453
 69.36818
 70.63797
 71.72697
 72.66389
 73.61128
 74.4554
 75.16396
 75.88068
 76.72414
 77.78149
 78.8494
 80.1941
 81.7491
 83.01633
 84.13383
 85.22991
 86.148
 87.17149
 88.47858
 89.7998
 91.10394
 92.39975
 93.57332
 94.7608
 96.19672
 97.82191
 99.40324
 101.0678
 102.9617
 105.2084
 107.6662
 109.8926
 112.2522
 114.862
 117.0806
 119.2491
 121.5875
 123.2353
 124.8176
 126.6242
 127.9217
 129.0062
 129.9113
 130.4319
 130.7401
 130.7422
 130.5353
 130.3838
 130.0563
 129.5897
 129.1728
 128.8102
 128.5344
 128.1639
 127.7714
 127.5826
 127.4275
 127.2144
 127.0004
 126.7289
 126.3185
 125.8737
 125.3955
 124.7679
 124.0961
 123.246
 122.2964
 121.4323
 120.2079
 118.7099
 117.1522
 115.4506
 113.7242
 111.92
 110.1371
 108.6674
 107.0879
 105.1813
 103.3857
 101.4925
 99.63474
 97.96622
 96.15849
 94.57948
 93.16937
 91.61221
 90.22093
 89.02399
 87.80133
 86.77713
 85.93465
 84.83685
 83.77496
 82.93692
 81.99414
 81.09639
 80.39373
 79.74649
 79.34686
 79.02815
 78.60283
 78.36646
 78.18618
 78.03788
 77.97617
 77.83858
 77.84097
 78.0666
 78.30452
 78.53053
 78.92018
 79.35915
 79.62286
 79.96969
 80.46311
 80.71021
 80.97139
 81.43178
 81.76557
 82.09764
 82.50829
 82.93269
 83.47344
 83.95988
 84.29306
 84.74117
 85.23808
 85.59949
 85.91757
 86.24166
 86.49274
 86.77505
 87.01553
 87.13971
 87.35305
 87.54873
 87.63672
 87.67068
 87.5326
 87.23854
 86.95124
 86.63789
 86.14078
 85.66065
 85.21767
 84.62355
 84.00114
 83.37252
 82.63819
 81.91351
 81.19185
 80.31801
 79.50909
 78.79678
 78.00333
 77.27843
 76.5879
 75.83482
 75.11195
 74.34934
 73.50327
 72.71324
 71.90662
 71.07338
 70.37151
 69.62614
 68.78524
 68.09168
 67.49305
 66.8176
 66.21968
 65.62224
 65.02029
 64.56853
 64.08308
 63.56271
 63.17051
 62.84495
 62.54743
 62.24601
 61.91152
 61.66132
 61.47347
 61.23463
 60.9688
 60.73566
 60.58189
 60.43428
 60.30107
 60.25787
 60.20558
 60.16986
 60.19988
 60.21386
 60.28489
 60.48317
 60.64563
 60.84193
 61.065
 61.25674
 61.53699
 61.78395
 61.92686
 62.21107
 62.54181
 62.72612
 62.93148
 63.16606
 63.31921
 63.53028
 63.74938
 63.86014
 64.03212
 64.21883
 64.35032
 64.56411
 64.70492
 64.76611
 64.91648
 64.96954
 64.94386
 64.98785
 64.97332
 64.92157
 64.91314
 64.7967
 64.62032
 64.46759
 64.29369
 64.09145
 63.85558
 63.60407
 63.41811
 63.19974
 62.87609
 62.59654
 62.3569
 62.02859
 61.69987
 61.37394
 60.98397
 60.6475
 60.35231
 60.00134
 59.63661
 59.29897
 58.97757
 58.6647
 58.33192
 57.97781
 57.63136
 57.2826
 56.93643
 56.65071
 56.44335
 56.31474
 56.20533
 56.08439
 56.01577
 55.97493
 55.91884
 55.89602
 55.85384
 55.78886
 55.80577
 55.85785
 55.89847
 56.00999
 56.19858
 56.39037
 56.56617
 56.76687
 56.97837
 57.19651
 57.49324
 57.84217
 58.19289
 58.59859
 59.08171
 59.55387
 59.9457
 60.39633
 60.88887
 61.31376
 61.75621
 62.24599
 62.76214
 63.36778
 63.9994
 64.58809
 65.15427
 65.66281
 66.18238
 66.75785
 67.30535
 67.88847
 68.52383
 69.11176
 69.67677
 70.22415
 70.77608
 71.38641
 71.98826
 72.52377
 73.01463
 73.46239
 73.87067
 74.26376
 74.64156
 75.00842
 75.36888
 75.70242
 76.01691
 76.29927
 76.54789
 76.78806
 76.95789
 77.05673
 77.18495
 77.31136
 77.38995
 77.44764
 77.46706
 77.41287
 77.31568
 77.1822
 77.00798
 76.85916
 76.72565
 76.56082
 76.34863
 76.1374
 75.93035
 75.66984
 75.37437
 75.07118
 74.72557
 74.37334
 74.09038
 73.85154
 73.65921
 73.51604
 73.3623
 73.22324
 73.06551
 72.86017
 72.63793
 72.39364
 72.14653
 71.96117
 71.8721
 71.8812
 71.98445
 72.1329
 72.28631
 72.45322
 72.62514
 72.77351
 72.86684
 72.94939
 73.11183
 73.37448
 73.71624
 74.11082
 74.51299
 74.89536
 75.25426
 75.58121
 75.8639
 76.16933
 76.52968
 76.93858
 77.44009
 78.02941
 78.71315
 79.49369
 80.30927
 81.11897
 81.89856
 82.5728
 83.17233
 83.77364
 84.37889
 85.00127
 85.60538
 86.16802
 86.73151
 87.31742
 87.92713
 88.52248
 89.02984
 89.4381
 89.81535
 90.18411
 90.53474
 90.84786
 91.12902
 91.41557
 91.70172
 91.97696
 92.24268
 92.48088
 92.69869
 92.9379
 93.17841
 93.37766
 93.56343
 93.70927
 93.74678
 93.71107
 93.62052
 93.48865
 93.38616
 93.30524
 93.21066
 93.10131
 92.92077
 92.62783
 92.27232
 91.90361
 91.54986
 91.26937
 91.06875
 90.85709
 90.52719
 90.02705
 89.39914
 88.75708
 88.18599
 87.71249
 87.30743
 86.89663
 86.42065
 85.88973
 85.34296
 84.85447
 84.47201
 84.13214
 83.78932
 83.42187
 82.98141
 82.46872
 81.94312
 81.45437
 80.97147
 80.45879
 79.93433
 79.41448
 78.89391
 78.35529
 77.8009
 77.28203
 76.81269
 76.3401
 75.86048
 75.42546
 75.06396
 74.78062
 74.51785
 74.24763
 73.9799
 73.69768
 73.40193
 73.1475
 72.98571
 72.89043
 72.8276
 72.77583
 72.73588
 72.73008
 72.74019
 72.72589
 72.67673
 72.62811
 72.63178
 72.71225
 72.86374
 73.0479
 73.20038
 73.30702
 73.40628
 73.5447
 73.72644
 73.92778
 74.15776
 74.43103
 74.71992
 75.01328
 75.34038
 75.70164
 76.08997
 76.5056
 76.92799
 77.33094
 77.71159
 78.09894
 78.4933
 78.87156
 79.23269
 79.6021
 79.96932
 80.32146
 80.67185
 80.99528
 81.27427
 81.53717
 81.79246
 82.03853
 82.2803
 82.50275
 82.68048
 82.81415
 82.92277
 83.00634
 83.06888
 83.11362
 83.09368
 83.01946
 82.92258
 82.77733
 82.58411
 82.35814
 82.09258
 81.81345
 81.53013
 81.20631
 80.84247
 80.43436
 79.97168
 79.46888
 78.93104
 78.36333
 77.76656
 77.1301
 76.45298
 75.75515
 75.04189
 74.31648
 73.6013
 72.88818
 72.16815
 71.44917
 70.74309
 70.03557
 69.2945
 68.51286
 67.71828
 66.93742
 66.17938
 65.46171
 64.779
 64.12022
 63.48449
 62.84948
 62.21751
 61.60289
 61.00218
 60.43691
 59.90605
 59.4066
 58.96482
 58.57178
 58.21828
 57.91143
 57.62474
 57.35186
 57.12078
 56.93128
 56.80072
 56.75621
 56.76387
 56.79398
 56.82011
 56.8299
 56.87136
 56.97385
 57.12192
 57.32188
 57.5766
 57.87249
 58.23055
 58.65319
 59.08894
 59.50909
 59.88907
 60.22474
 60.55317
 60.88194
 61.21082
 61.55009
 61.88194
 62.1999
 62.52772
 62.88878
 63.29891
 63.76051
 64.24942
 64.73689
 65.20364
 65.63587
 66.05022
 66.46612
 66.88596
 67.31827
 67.75408
 68.16634
 68.54807
 68.90353
 69.22868
 69.53733
 69.85224
 70.1663
 70.46241
 70.74522
 71.00928
 71.23299
 71.432
 71.62086
 71.77827
 71.88811
 71.96062
 72.02264
 72.09097
 72.16653
 72.24455
 72.3159
 72.36964
 72.39447
 72.38229
 72.33934
 72.271
 72.19527
 72.12475
 72.04869
 71.95717
 71.83892
 71.69611
 71.54659
 71.37502
 71.16116
 70.92253
 70.66616
 70.4095
 70.18842
 70.00145
 69.83339
 69.66969
 69.49813
 69.32953
 69.17611
 69.04127
 68.93487
 68.86789
 68.83056
 68.79994
 68.76444
 68.71447
 68.65663
 68.63006
 68.66316
 68.74464
 68.83162
 68.88575
 68.91811
 68.98404
 69.11514
 69.29196
 69.46918
 69.6329
 69.83335
 70.13289
 70.54027
 70.98689
 71.39387
 71.78132
 72.24055
 72.82404
 73.49659
 74.17748
 74.80101
 75.34613
 75.85233
 76.40888
 77.05574
 77.73843
 78.40845
 79.04257
 79.6355
 80.227
 80.85103
 81.50321
 82.16949
 82.84038
 83.51029
 84.19678
 84.91767
 85.65408
 86.38531
 87.10328
 87.80927
 88.50898
 89.19959
 89.86679
 90.48972
 91.05965
 91.58216
 92.0534
 92.46995
 92.83483
 93.14979
 93.42701
 93.67631
 93.88227
 94.04543
 94.17686
 94.25101
 94.25162
 94.19273
 94.07796
 93.90919
 93.70649
 93.49117
 93.26868
 93.03444
 92.77362
 92.46227
 92.07722
 91.61033
 91.06815
 90.44735
 89.74238
 88.96764
 88.13924
 87.27106
 86.37543
 85.45779
 84.52184
 83.56559
 82.60195
 81.64959
 80.7062
 79.75985
 78.80455
 77.84351
 76.87775
 75.91004
 74.9487
 74.00637
 73.09942
 72.23444
 71.41151
 70.62909
 69.88618
 69.1833
 68.51859
 67.8913
 67.30528
 66.76248
 66.25671
 65.78212
 65.3455
 64.96175
 64.63181
 64.34936
 64.12157
 63.95118
 63.83099
 63.75861
 63.72459
 63.72498
 63.77488
 63.89098
 64.07657
 64.32661
 64.63875
 65.01158
 65.4356
 65.89429
 66.37854
 66.88645
 67.41586
 67.96215
 68.52293
 69.10515
 69.70897
 70.33211
 70.97536
 71.6283
 72.28485
 72.94747
 73.60905
 74.26275
 74.91486
 75.56543
 76.20129
 76.81045
 77.39182
 77.94776
 78.47305
 78.95954
 79.40061
 79.7919
 80.13833
 80.45132
 80.72964
 80.96647
 81.16063
 81.30657
 81.39533
 81.42274
 81.39081
 81.30985
 81.18444
 81.00256
 80.75809
 80.45129
 80.07962
 79.64605
 79.15507
 78.60651
 78.00372
 77.35952
 76.68645
 75.99028
 75.27335
 74.54241
 73.79993
 73.03749
 72.25552
 71.45934
 70.6535
 69.84586
 69.04279
 68.25278
 67.48283
 66.73417
 66.00156
 65.27885
 64.5629
 63.8558
 63.16116
 62.47594
 61.80589
 61.1675
 60.57656
 60.04239
 59.56004
 59.11441
 58.68193
 58.2386
 57.77435
 57.29525
 56.82286
 56.39099
 56.03172
 55.76138
 55.58482
 55.49993
 55.49107
 55.54002
 55.63449
 55.76706
 55.93684
 56.14175
 56.37842
 56.65177
 56.96645
 57.32
 57.70984
 58.13058
 58.57506
 59.04831
 59.55978
 60.11772
 60.72687
 61.37869
 62.05535
 62.74009
 63.42607
 64.11829
 64.82796
 65.57188
 66.36018
 67.18805
 68.03932
 68.89161
 69.72008
 70.50578
 71.24715
 71.97065
 72.72249
 73.53262
 74.38716
 75.23234
 75.99967
 76.6395
 77.15585
 77.61138
 78.07961
 78.58893
 79.10695
 79.57707
 79.97379
 80.31454
 80.62121
 80.9048
 81.17724
 81.45254
 81.72446
 81.95346
 82.10867
 82.20338
 82.25631
 82.25636
 82.18794
 82.06372
 81.92509
 81.80505
 81.70473
 81.58778
 81.40742
 81.16637
 80.91287
 80.68787
 80.47588
 80.1926
 79.77888
 79.28297
 78.78233
 78.30396
 77.81954
 77.27784
 76.70237
 76.19109
 75.80661
 75.54556
 75.35606
 75.17304
 74.96242
 74.71516
 74.44102
 74.16943
 73.93189
 73.75266
 73.64167
 73.57491
 73.53221
 73.5471
 73.66364
 73.88598
 74.19096
 74.54605
 74.9175
 75.28194
 75.64845
 76.06361
 76.57347
 77.17861
 77.85389
 78.57313
 79.29859
 79.99277
 80.65103
 81.29082
 81.92154
 82.55997
 83.23654
 83.96202
 84.70102
 85.40689
 86.07144
 86.73277
 87.44548
 88.22765
 89.03935
 89.81572
 90.49625
 91.05344
 91.51802
 91.94351
 92.35358
 92.7305
 93.06226
 93.36297
 93.63508
 93.86578
 94.05846
 94.22019
 94.31786
 94.28364
 94.08081
 93.74883
 93.37114
 93.00359
 92.63617
 92.20802
 91.66155
 91.01067
 90.32372
 89.63186
 88.89745
 88.07077
 87.14654
 86.18652
 85.27195
 84.40864
 83.5295
 82.59665
 81.6339
 80.66616
 79.68732
 78.69395
 77.70873
 76.76917
 75.90064
 75.08517
 74.28243
 73.47891
 72.68494
 71.91299
 71.18147
 70.5055
 69.87882
 69.28162
 68.69036
 68.107
 67.5806
 67.15188
 66.80441
 66.50322
 66.21937
 65.94943
 65.74337
 65.63515
 65.58966
 65.57795
 65.60876
 65.68363
 65.80372
 65.97233
 66.18353
 66.44788
 66.77718
 67.14751
 67.54079
 67.9768
 68.47142
 69.00691
 69.54197
 70.05141
 70.56189
 71.11505
 71.70375
 72.29503
 72.88116
 73.47356
 74.08447
 74.71634
 75.34357
 75.9371
 76.49839
 77.04081
 77.57438
 78.10143
 78.61069
 79.10059
 79.57661
 80.01714
 80.39988
 80.72845
 81.01822
 81.28654
 81.53
 81.71049
 81.79636
 81.79984
 81.74535
 81.62927
 81.44493
 81.20366
 80.90887
 80.5474
 80.1161
 79.63111
 79.10494
 78.53542
 77.92635
 77.28619
 76.61625
 75.92237
 75.21538
 74.49261
 73.74062
 72.95574
 72.15015
 71.34477
 70.55729
 69.77749
 68.98059
 68.17501
 67.39355
 66.65142
 65.93482
 65.22253
 64.50578
 63.7903
 63.09004
 62.42159
 61.79604
 61.21699
 60.68064
 60.17674
 59.69814
 59.23936
 58.79593
 58.36608
 57.9494
 57.56244
 57.23141
 56.95874
 56.7184
 56.48649
 56.26321
 56.07378
 55.94971
 55.90969
 55.95333
 56.06374
 56.22654
 56.43999
 56.69636
 56.97724
 57.27573
 57.59073
 57.9181
 58.26814
 58.6579
 59.09904
 59.60376
 60.16794
 60.76443
 61.37001
 61.97169
 62.56626
 63.16772
 63.79338
 64.45576
 65.16367
 65.90343
 66.64311
 67.36713
 68.07635
 68.76517
 69.43648
 70.10972
 70.79743
 71.48861
 72.15534
 72.77951
 73.37645
 73.97153
 74.56451
 75.13404
 75.65346
 76.10063
 76.47369
 76.79535
 77.10064
 77.4297
 77.80506
 78.20147
 78.56384
 78.84747
 79.03464
 79.15894
 79.28825
 79.44198
 79.57434
 79.62417
 79.55434
 79.38928
 79.21069
 79.07599
 78.97202
 78.84898
 78.66634
 78.41911
 78.13081
 77.81442
 77.46143
 77.06792
 76.65753
 76.28905
 76.01215
 75.78774
 75.50915
 75.10934
 74.62756
 74.17625
 73.83956
 73.60671
 73.40658
 73.16904
 72.87136
 72.57362
 72.36449
 72.25412
 72.18533
 72.12724
 72.10271
 72.15363
 72.28152
 72.42207
 72.52067
 72.60622
 72.75834
 73.02005
 73.36401
 73.74446
 74.14812
 74.57613
 75.03031
 75.51829
 76.05032
 76.64113
 77.3079
 78.05286
 78.8586
 79.69413
 80.5401
 81.40693
 82.3155
 83.2672
 84.2461
 85.23814
 86.2271
 87.1936
 88.12852
 89.02755
 89.88768
 90.72015
 91.53323
 92.3147
 93.05704
 93.7645
 94.41545
 94.96696
 95.41003
 95.76331
 96.03304
 96.23534
 96.4145
 96.60507
 96.80414
 96.97239
 97.04079
 96.95313
 96.72602
 96.44883
 96.20856
 96.01568
 95.79246
 95.42587
 94.84691
 94.09411
 93.26948
 92.41779
 91.5079
 90.5114
 89.42464
 88.25548
 87.04031
 85.82987
 84.65391
 83.51366
 82.39667
 81.30184
 80.23685
 79.19365
 78.15965
 77.13114
 76.08971
 75.02851
 73.98751
 72.99239
 72.0313
 71.11116
 70.25492
 69.46159
 68.71996
 68.02663
 67.37663
 66.76952
 66.20953
 65.6851
 65.18079
 64.69984
 64.26203
 63.88517
 63.56645
 63.29564
 63.07722
 62.92189
 62.84259
 62.85023
 62.92746
 63.0468
 63.21985
 63.4704
 63.78826
 64.14919
 64.54009
 64.96328
 65.43452
 65.96081
 66.5351
 67.15391
 67.80647
 68.47775
 69.17168
 69.88937
 70.61763
 71.3493
 72.07879
 72.80375
 73.54047
 74.29644
 75.05348
 75.79845
 76.52659
 77.22952
 77.90916
 78.57352
 79.21859
 79.83671
 80.41994
 80.96099
 81.46031
 81.91242
 82.3046
 82.64206
 82.93507
 83.17963
 83.36991
 83.49567
 83.54124
 83.50333
 83.38932
 83.19979
 82.93277
 82.5875
 82.16729
 81.6894
 81.16336
 80.57918
 79.93419
 79.23822
 78.50433
 77.74461
 76.95757
 76.13137
 75.26907
 74.38654
 73.49741
 72.61201
 71.73051
 70.84372
 69.95137
 69.06555
 68.19545
 67.34177
 66.50212
 65.67451
 64.86781
 64.09442
 63.35257
 62.63914
 61.96049
 61.31528
 60.68836
 60.06367
 59.43371
 58.80345
 58.19835
 57.65472
 57.19714
 56.82963
 56.53514
 56.28462
 56.05643
 55.84517
 55.65102
 55.47124
 55.30819
 55.17608
 55.09355
 55.07753
 55.14142
 55.28514
 55.49168
 55.74093
 56.01958
 56.31786
 56.6321
 56.96868
 57.33783
 57.74642
 58.20377
 58.71938
 59.29317
 59.91811
 60.58401
 61.27638
 61.97588
 62.66846
 63.35675
 64.06197
 64.81201
 65.61896
 66.46321
 67.30054
 68.09981
 68.87029
 69.64487
 70.44365
 71.26414
 72.09017
 72.89516
 73.64774
 74.33044
 74.95127
 75.53439
 76.10406
 76.672
 77.23579
 77.78746
 78.31493
 78.79938
 79.22169
 79.57623
 79.87263
 80.12805
 80.355
 80.55795
 80.73306
 80.8733
 80.97672
 81.04706
 81.0864
 81.09574
 81.07514
 81.02046
 80.92769
 80.79775
 80.63301
 80.43822
 80.22302
 79.98975
 79.7226
 79.40428
 79.04301
 78.67357
 78.31316
 77.92501
 77.47038
 76.99815
 76.62305
 76.39342
 76.21857
 75.94476
 75.49788
 74.96726
 74.53165
 74.25252
 74.00288
 73.69447
 73.45477
 73.43687
 73.56321
 73.61129
 73.46389
 73.18538
 72.9474
 72.88801
 73.02319
 73.28229
 73.56718
 73.80719
 74.01039
 74.22435
 74.4817
 74.79549
 75.14939
 75.51126
 75.88627
 76.32806
 76.88786
 77.56549
 78.31458
 79.09649
 79.91097
 80.76954
 81.66992
 82.58457
 83.46007
 84.25108
 84.96555
 85.6542
 86.34586
 87.04148
 87.76711
 88.54938
 89.36344
 90.17381
 90.9768
 91.77596
 92.56727
 93.34378
 94.07161
 94.69988
 95.23103
 95.71575
 96.16724
 96.54743
 96.81457
 96.94373
 96.93609
 96.83788
 96.71957
 96.62009
 96.51041
 96.32037
 95.99075
 95.51283
 94.90481
 94.17623
 93.37314
 92.57883
 91.806
 90.95937
 89.96349
 88.85664
 87.72736
 86.60924
 85.47989
 84.34069
 83.21054
 82.06756
 80.89199
 79.7138
 78.57068
 77.46913
 76.39134
 75.33057
 74.28988
 73.26495
 72.27226
 71.32609
 70.38869
 69.41073
 68.41013
 67.45261
 66.57178
 65.77445
 65.08411
 64.51073
 64.02406
 63.58852
 63.18815
 62.82495
 62.50778
 62.24494
 62.06267
 61.99072
 62.01806
 62.09346
 62.18064
 62.27525
 62.37981
 62.51049
 62.70059
 62.96817
 63.30199
 63.69732
 64.17281
 64.7177
 65.27876
 65.82655
 66.39852
 67.0341
 67.71019
 68.40327
 69.13675
 69.91316
 70.68617
 71.43136
 72.16303
 72.89074
 73.6161
 74.35111
 75.1104
 75.87793
 76.6257
 77.36558
 78.11589
 78.84315
 79.50376
 80.10235
 80.6674
 81.20756
 81.72144
 82.20669
 82.63809
 82.96949
 83.19865
 83.373
 83.51952
 83.61476
 83.62714
 83.56837
 83.46663
 83.31963
 83.1123
 82.83166
 82.46827
 82.03767
 81.57481
 81.08926
 80.55336
 79.93684
 79.24255
 78.48855
 77.68477
 76.84503
 75.9899
 75.12656
 74.24461
 73.34598
 72.4571
 71.58992
 70.72153
 69.83199
 68.93394
 68.04693
 67.16933
 66.29854
 65.45313
 64.65026
 63.87898
 63.12049
 62.37294
 61.6341
 60.8857
 60.12055
 59.36216
 58.63914
 57.96307
 57.33892
 56.7692
 56.24116
 55.74203
 55.29079
 54.93433
 54.70167
 54.57581
 54.52303
 54.51645
 54.52357
 54.52152
 54.51938
 54.53869
 54.58431
 54.65664
 54.78428
 55.00271
 55.31085
 55.67787
 56.07973
 56.51197
 56.97802
 57.48325
 58.03992
 58.65153
 59.30315
 59.98984
 60.72514
 61.51613
 62.35247
 63.22529
 64.13897
 65.0865
 66.03412
 66.94608
 67.82222
 68.69633
 69.60622
 70.56773
 71.56322
 72.54931
 73.49205
 74.38728
 75.2401
 76.05437
 76.85403
 77.67015
 78.495
 79.28009
 79.97867
 80.59354
 81.18501
 81.80566
 82.43541
 83.01306
 83.51521
 83.96831
 84.38966
 84.76006
 85.05305
 85.26308
 85.4026
 85.48056
 85.50192
 85.49369
 85.49684
 85.51206
 85.47157
 85.30065
 84.98873
 84.56631
 84.06004
 83.50091
 82.928
 82.36344
 81.81941
 81.32682
 80.89713
 80.4772
 80.01838
 79.55772
 79.15126
 78.76087
 78.29691
 77.77263
 77.30342
 76.94452
 76.62761
 76.25666
 75.82699
 75.45654
 75.25999
 75.17989
 75.05186
 74.82845
 74.62925
 74.57031
 74.61349
 74.63145
 74.58559
 74.56561
 74.65325
 74.83595
 75.0767
 75.38217
 75.76683
 76.22444
 76.74752
 77.35105
 78.05672
 78.83916
 79.62948
 80.39389
 81.1449
 81.88142
 82.59338
 83.28591
 83.94542
 84.53222
 85.0478
 85.56441
 86.13712
 86.76133
 87.43152
 88.14522
 88.86913
 89.55688
 90.19522
 90.81427
 91.42594
 91.99431
 92.48794
 92.90865
 93.27743
 93.62021
 93.95049
 94.25373
 94.4817
 94.57986
 94.53676
 94.36275
 94.04224
 93.57558
 93.02192
 92.4561
 91.9085
 91.34717
 90.7063
 89.94791
 89.13042
 88.36115
 87.64446
 86.8814
 86.02416
 85.13295
 84.28755
 83.49682
 82.71803
 81.92407
 81.1083
 80.25993
 79.37368
 78.46304
 77.55415
 76.66079
 75.77787
 74.92004
 74.09813
 73.27789
 72.44038
 71.6278
 70.8944
 70.24561
 69.6535
 69.1105
 68.61874
 68.16133
 67.72212
 67.29243
 66.87009
 66.4845
 66.18047
 65.96668
 65.80767
 65.67371
 65.58698
 65.57221
 65.59209
 65.61213
 65.6708
 65.81575
 66.03284
 66.28699
 66.57567
 66.90092
 67.24303
 67.59182
 67.96529
 68.3922
 68.8947
 69.46468
 70.0715
 70.6898
 71.3157
 71.9657
 72.65092
 73.36071
 74.08178
 74.81748
 75.57203
 76.32784
 77.05296
 77.73745
 78.40825
 79.07737
 79.72511
 80.35264
 80.98012
 81.60046
 82.19279
 82.75946
 83.30044
 83.79033
 84.22462
 84.62685
 84.98284
 85.24619
 85.40857
 85.49674
 85.52184
 85.47301
 85.34589
 85.15622
 84.91753
 84.63122
 84.29665
 83.90993
 83.4656
 82.96314
 82.40826
 81.81515
 81.18242
 80.49174
 79.75269
 78.99195
 78.21031
 77.39529
 76.55564
 75.71651
 74.88545
 74.05419
 73.22823
 72.41404
 71.60246
 70.7995
 70.0323
 69.31482
 68.63367
 67.96899
 67.32016
 66.68595
 66.04729
 65.40287
 64.78123
 64.2132
 63.70841
 63.25684
 62.85183
 62.48699
 62.14379
 61.80684
 61.46853
 61.12304
 60.77884
 60.4588
 60.17833
 59.92896
 59.69433
 59.48834
 59.34216
 59.26229
 59.22564
 59.21196
 59.22836
 59.29571
 59.4136
 59.57404
 59.79075
 60.06728
 60.38208
 60.72258
 61.09937
 61.53095
 62.01707
 62.54556
 63.10166
 63.65874
 64.2016
 64.74783
 65.32761
 65.95238
 66.61121
 67.2942
 68.00245
 68.73013
 69.47238
 70.23259
 71.00216
 71.77101
 72.54337
 73.3237
 74.10703
 74.87589
 75.61729
 76.33334
 77.01531
 77.63886
 78.2001
 78.72749
 79.25708
 79.80577
 80.3656
 80.91437
 81.41904
 81.84439
 82.1811
 82.4524
 82.69155
 82.915
 83.10929
 83.24945
 83.3279
 83.3634
 83.38988
 83.42615
 83.44988
 83.42156
 83.3465
 83.2994
 83.34117
 83.41862
 83.41043
 83.26594
 83.0495
 82.85171
 82.67603
 82.42474
 82.02731
 81.56212
 81.18947
 80.96262
 80.79231
 80.57628
 80.28024
 79.94343
 79.61852
 79.31515
 79.04131
 78.85316
 78.79385
 78.77138
 78.65562
 78.45654
 78.27818
 78.18939
 78.11838
 77.91235
 77.53098
 77.05145
 76.56953
 76.18317
 75.91861
 75.71725
 75.51795
 75.33481
 75.26306
 75.36816
 75.64719
 76.09445
 76.66647
 77.26951
 77.84852
 78.39433
 78.84728
 79.13367
 79.30856
 79.48754
 79.72617
 80.06219
 80.53748
 81.11834
 81.73728
 82.40219
 83.14987
 83.9668
 84.82299
 85.6684
 86.44643
 87.19057
 87.97188
 88.72433
 89.22511
 89.40295
 89.51727
 89.78609
 90.09056
 90.19009
 90.07559
 89.98003
 90.04973
 90.17113
 90.24193
 90.28848
 90.27266
 90.03947
 89.55254
 89.01163
 88.61192
 88.29255
 87.8726
 87.29395
 86.6292
 85.98288
 85.32519
 84.56451
 83.70198
 82.79379
 81.89185
 80.99845
 80.05244
 79.00282
 77.93272
 76.97382
 76.13703
 75.39498
 74.69092
 73.92667
 73.08502
 72.22033
 71.34551
 70.45784
 69.60115
 68.8344
 68.19518
 67.68057
 67.25977
 66.91598
 66.63318
 66.38369
 66.1549
 65.9424
 65.73199
 65.53884
 65.39468
 65.28572
 65.18987
 65.11075
 65.06236
 65.08191
 65.18082
 65.31274
 65.48313
 65.71517
 65.98899
 66.28684
 66.58697
 66.88867
 67.24514
 67.6663
 68.12373
 68.6251
 69.1678
 69.72293
 70.30178
 70.94557
 71.61154
 72.2319
 72.82135
 73.40296
 73.98395
 74.58576
 75.17361
 75.73825
 76.34703
 77.0005
 77.63522
 78.23359
 78.7998
 79.34522
 79.89648
 80.42207
 80.88124
 81.28882
 81.6563
 81.98025
 82.27642
 82.55297
 82.77518
 82.9326
 83.04907
 83.10759
 83.0782
 82.9726
 82.80494
 82.5734
 82.28898
 81.95058
 81.51985
 80.99376
