 8.102397E-09
 8.107669E-09
 8.257548E-09
 1.041553E-08
 2.50345E-08
 9.790557E-08
 3.197339E-07
 9.412132E-07
 2.452719E-06
 5.771529E-06
 1.243275E-05
 2.494839E-05
 4.717667E-05
 8.480158E-05
 0.000146052
 0.0002423213
 0.0003893833
 0.0006081308
 0.0009259602
 0.001378444
 0.002010568
 0.00287897
 0.00405327
 0.005619334
 0.007680627
 0.01036125
 0.01380834
 0.01819498
 0.02372239
 0.03062244
 0.03915989
 0.04963408
 0.06238031
 0.07777093
 0.09621322
 0.1181483
 0.14405
 0.1744202
 0.2097789
 0.2506658
 0.2976206
 0.3511766
 0.4118558
 0.4801419
 0.5564801
 0.6412594
 0.7347955
 0.8373305
 0.949008
 1.069892
 1.199941
 1.339022
 1.486923
 1.643347
 1.807946
 1.98032
 2.160051
 2.346719
 2.539915
 2.739273
 2.944488
 3.155308
 3.371574
 3.593202
 3.820216
 4.052721
 4.290928
 4.535116
 4.785665
 5.043047
 5.307797
 5.580552
 5.862005
 6.152927
 6.454167
 6.766621
 7.091214
 7.428941
 7.78078
 8.147697
 8.530646
 8.93049
 9.348008
 9.783823
 10.23846
 10.71224
 11.20532
 11.71763
 12.24895
 12.79887
 13.3668
 13.95207
 14.55392
 15.17149
 15.80406
 16.45081
 17.11118
 17.7847
 18.47109
 19.17035
 19.88275
 20.60883
 21.34938
 22.10563
 22.87889
 23.67081
 24.48326
 25.31805
 26.17718
 27.06258
 27.97591
 28.91869
 29.89183
 30.89607
 31.93131
 32.99705
 34.09199
 35.2143
 36.36166
 37.53102
 38.71951
 39.92376
 41.14064
 42.36733
 43.60131
 44.84092
 46.08514
 47.33376
 48.58757
 49.84793
 51.11721
 52.39799
 53.6936
 55.00724
 56.34202
 57.70106
 59.08624
 60.49905
 61.93966
 63.40699
 64.8985
 66.41035
 67.93752
 69.4736
 71.0116
 72.54419
 74.06432
 75.56551
 77.04253
 78.49155
 79.91114
 81.30114
 82.66383
 84.00269
 85.32273
 86.62964
 87.92871
 89.22573
 90.52482
 91.82877
 93.13909
 94.45483
 95.77369
 97.09128
 98.4016
 99.69749
 100.9713
 102.2148
 103.4206
 104.5818
 105.6937
 106.7535
 107.7604
 108.7167
 109.6266
 110.4964
 111.3341
 112.148
 112.947
 113.7386
 114.5296
 115.3234
 116.1222
 116.9249
 117.7283
 118.5271
 119.3142
 120.0824
 120.8233
 121.53
 122.1959
 122.8167
 123.3897
 123.9147
 124.393
 124.8279
 125.2251
 125.5906
 125.9313
 126.2541
 126.5652
 126.8693
 127.1701
 127.4685
 127.7639
 128.0534
 128.3329
 128.597
 128.8401
 129.0569
 129.2433
 129.396
 129.5141
 129.5979
 129.6492
 129.6712
 129.6678
 129.644
 129.6042
 129.553
 129.4948
 129.4326
 129.3696
 129.307
 129.2462
 129.1855
 129.1245
 129.0601
 128.9895
 128.9093
 128.8171
 128.7107
 128.5891
 128.4524
 128.3026
 128.1417
 127.9732
 127.8002
 127.6267
 127.4551
 127.2878
 127.1262
 126.9713
 126.8228
 126.6805
 126.5433
 126.4094
 126.2777
 126.1464
 126.0134
 125.8772
 125.7371
 125.5933
 125.4463
 125.2981
 125.1518
 125.0111
 124.8806
 124.7644
 124.6666
 124.5903
 124.5379
 124.5105
 124.5081
 124.5299
 124.5739
 124.6389
 124.7224
 124.8224
 124.9373
 125.0658
 125.2073
 125.3609
 125.5275
 125.7072
 125.9022
 126.1145
 126.346
 126.6001
 126.8788
 127.1846
 127.5191
 127.8824
 128.2746
 128.6935
 129.1374
 129.6031
 130.0878
 130.5882
 131.1021
 131.6276
 132.1636
 132.71
 133.2676
 133.8376
 134.4225
 135.0248
 135.647
 136.2929
 136.9652
 137.6668
 138.3999
 139.166
 139.9651
 140.7968
 141.6589
 142.548
 143.4615
 144.3954
 145.3461
 146.311
 147.2887
 148.2778
 149.2793
 150.294
 151.324
 152.3713
 153.4384
 154.5268
 155.6388
 156.7751
 157.9365
 159.1225
 160.3329
 161.5658
 162.8198
 164.0927
 165.3824
 166.687
 168.005
 169.3354
 170.6782
 172.0336
 173.4033
 174.7884
 176.1915
 177.6142
 179.0582
 180.5244
 182.0129
 183.5232
 185.0534
 186.601
 188.1627
 189.7355
 191.3164
 192.9026
 194.493
 196.0868
 197.6848
 199.2896
 200.904
 202.532
 204.1772
 205.8435
 207.534
 209.2505
 210.9938
 212.7629
 214.5557
 216.3685
 218.1965
 220.0347
 221.8776
 223.7203
 225.5586
 227.3896
 229.2117
 231.0251
 232.8311
 234.6323
 236.4322
 238.2354
 240.0448
 241.8646
 243.6969
 245.5434
 247.4049
 249.2797
 251.1667
 253.0631
 254.9658
 256.8729
 258.7813
 260.6893
 262.5977
 264.5065
 266.4168
 268.3305
 270.2501
 272.1765
 274.1108
 276.0532
 278.0023
 279.9568
 281.9126
 283.8671
 285.8153
 287.7541
 289.6788
 291.5872
 293.4763
 295.3452
 297.194
 299.0242
 300.8374
 302.6378
 304.4271
 306.3027
 308.5976
 311.0762
 313.502
 315.7397
 317.7517
 319.5406
 321.1085
 322.4585
 323.634
 324.7535
 325.9955
 327.5268
 329.4063
 331.5197
 333.5958
 335.3355
 336.57
 337.3468
 337.8949
 338.4883
 339.3101
 340.3799
 341.5854
 342.7672
 343.8091
 344.6877
 345.4657
 346.2462
 347.1153
 348.0935
 349.1234
 350.092
 350.8752
 351.3904
 351.6323
 351.6809
 351.6646
 351.7094
 351.881
 352.1625
 352.4679
 352.692
 352.7638
 352.6791
 352.4985
 352.3116
 352.1907
 352.1594
 352.1801
 352.1756
 352.0588
 351.7659
 351.2772
 350.6122
 349.8151
 348.9298
 347.9891
 347.0052
 345.9761
 344.8937
 343.7519
 342.5548
 341.3101
 340.0313
 338.7263
 337.3976
 336.0425
 334.6506
 333.2096
 331.7024
 330.1134
 328.4344
 326.6722
 324.848
 322.9904
 321.1167
 319.2161
 317.2485
 315.1563
 312.8926
 310.45
 307.8675
 305.2191
 302.5836
 300.0109
 297.5075
 295.0358
 292.5386
 289.9643
 287.2881
 284.5179
 281.6901
 278.8492
 276.0308
 273.2471
 270.4841
 267.7096
 264.889
 262.002
 259.053
 256.0678
 253.0828
 250.1284
 247.2145
 244.3259
 241.4321
 238.4993
 235.5037
 232.4392
 229.3149
 226.1512
 222.9727
 219.8072
 216.6803
 213.6125
 210.6125
 207.6734
 204.7706
 201.8714
 198.9493
 195.9984
 193.0416
 190.1219
 187.282
 184.539
 181.8708
 179.221
 176.5262
 173.747
 170.8908
 168.0126
 165.1928
 162.5029
 159.9756
 157.5908
 155.2854
 152.983
 150.6269
 148.2052
 145.7528
 143.3331
 141.0048
 138.7952
 136.6888
 134.6388
 132.5954
 130.5305
 128.451
 126.3922
 124.3959
 122.4856
 120.6528
 118.8592
 117.0552
 115.205
 113.3051
 111.3876
 109.5078
 107.721
 106.0603
 104.5216
 103.0639
 101.6223
 100.1326
 98.55914
 96.91396
 95.25653
 93.67207
 92.23348
 90.96701
 89.83772
 88.76508
 87.65902
 86.46096
 85.1681
 83.83151
 82.53052
 81.33746
 80.2888
 79.37486
 78.54655
 77.73646
 76.88303
 75.95027
 74.93924
 73.88856
 72.86281
 71.93223
 71.14503
 70.50687
 69.97382
 69.46646
 68.90142
 68.22727
 67.44654
 66.61365
 65.80889
 65.10148
 64.52041
 64.04649
 63.62479
 63.19166
 62.7009
 62.14008
 61.53035
 60.91381
 60.33458
 59.82163
 59.38123
 58.99874
 58.64795
 58.30315
 57.94914
 57.5839
 57.21704
 56.86258
 56.53053
 56.22151
 55.92614
 55.63002
 55.32211
 55.00132
 54.6788
 54.37477
 54.1087
 53.88868
 53.70457
 53.52831
 53.32547
 53.0727
 52.77277
 52.4591
 52.18365
 51.99294
 51.90244
 51.88497
 51.87904
 51.81567
 51.64918
 51.3779
 51.04332
 50.70937
 50.43435
 50.24712
 50.14044
 50.07908
 50.01837
 49.92226
 49.7742
 49.57878
 49.35619
 49.13281
 48.93171
 48.7664
 48.63802
 48.53712
 48.44659
 48.34641
 48.2187
 48.05351
 47.85447
 47.64046
 47.44033
 47.28048
 47.17221
 47.1041
 47.04834
 46.97474
 46.86712
 46.72947
 46.58066
 46.44057
 46.31782
 46.20595
 46.08937
 45.95435
 45.7982
 45.63094
 45.46964
 45.33011
 45.21895
 45.13041
 45.04878
 44.95502
 44.83455
 44.68357
 44.51049
 44.33232
 44.16836
 44.03289
 43.93088
 43.85569
 43.78969
 43.70863
 43.58848
 43.4152
 43.19259
 42.94353
 42.70189
 42.49914
 42.3509
 42.25081
 42.17479
 42.09264
 41.98088
 41.83025
 41.64608
 41.44231
 41.23415
 41.03278
 40.84407
 40.66926
 40.50683
 40.3526
 40.20046
 40.0428
 39.87296
 39.68812
 39.49175
 39.29321
 39.10352
 38.92898
 38.76609
 38.60091
 38.4155
 38.19884
 37.95551
 37.70663
 37.47935
 37.29242
 37.14376
 37.01124
 36.86356
 36.67775
 36.45023
 36.19798
 35.94745
 35.72015
 35.52124
 35.33844
 35.15025
 34.93897
 34.70036
 34.44541
 34.19299
 33.9595
 33.75108
 33.56279
 33.38345
 33.20128
 33.00718
 32.79549
 32.56438
 32.31778
 32.06691
 31.82793
 31.61597
 31.43713
 31.28398
 31.13692
 30.9718
 30.76972
 30.52503
 30.24818
 29.96237
 29.69544
 29.46995
 29.29576
 29.16788
 29.06989
 28.98105
 28.88228
 28.75933
 28.60333
 28.41158
 28.18931
 27.95106
 27.71901
 27.51615
 27.35729
 27.2423
 27.15645
 27.07759
 26.98653
 26.87529
 26.74889
 26.62074
 26.50397
 26.40377
 26.31396
 26.22029
 26.1087
 25.97405
 25.82491
 25.68088
 25.56445
 25.49093
 25.46275
 25.46987
 25.49527
 25.52187
 25.53773
 25.5375
 25.52135
 25.49189
 25.45145
 25.40034
 25.33743
 25.2637
 25.18678
 25.1234
 25.09644
 25.12605
 25.21769
 25.35451
 25.4992
 25.60767
 25.64852
 25.61931
 25.54955
 25.48863
 25.48249
 25.55215
 25.68427
 25.83884
 25.96948
 26.04638
 26.06994
 26.06989
 26.08971
 26.1656
 26.30918
 26.50289
 26.70894
 26.88774
 27.0154
 27.09336
 27.14548
 27.20626
 27.30656
 27.46292
 27.67418
 27.92383
 28.18702
 28.43884
 28.66152
 28.84887
 29.00589
 29.14531
 29.28196
 29.42821
 29.59234
 29.77796
 29.98473
 30.20951
 30.44726
 30.6934
 30.94569
 31.20406
 31.46805
 31.73304
 31.98897
 32.22411
 32.43227
 32.61955
 32.80461
 33.01141
 33.2578
 33.54653
 33.86393
 34.1874
 34.4967
 34.78271
 35.04919
 35.30793
 35.57117
 35.84614
 36.13352
 36.42956
 36.72914
 37.02826
 37.32442
 37.61723
 37.90778
 38.19891
 38.49486
 38.80016
 39.11782
 39.44743
 39.78345
 40.11598
 40.43334
 40.72633
 40.99306
 41.24107
 41.486
 41.74638
 42.03601
 42.35871
 42.70689
 43.06694
 43.42606
 43.77764
 44.12143
 44.4594
 44.78997
 45.1066
 45.40115
 45.67127
 45.92597
 46.18598
 46.47667
 46.81608
 47.20499
 47.62275
 48.03428
 48.40336
 48.70884
 48.95398
 49.16561
 49.38234
 49.63768
 49.9469
 50.30284
 50.68161
 51.05491
 51.40197
 51.71641
 52.00667
 52.29106
 52.58872
 52.91217
 53.26091
 53.62335
 53.98259
 54.32584
 54.65097
 54.96634
 55.28488
 55.61448
 55.95237
 56.28572
 56.59912
 56.88366
 57.14338
 57.39486
 57.65867
 57.94876
 58.26421
 58.59007
 58.90583
 59.19809
 59.46911
 59.73669
 60.02516
 60.35283
 60.72301
 61.12261
 61.52796
 61.91402
 62.26295
 62.56911
 62.8392
 63.08929
 63.33967
 63.60814
 63.90517
 64.22982
 64.57056
 64.90919
 65.22771
 65.51526
 65.77245
 66.01123
 66.24958
 66.50476
 66.78634
 67.0948
 67.42448
 67.7685
 68.12263
 68.48489
 68.85197
 69.21695
 69.57095
 69.90833
 70.23177
 70.55375
 70.89062
 71.25433
 71.64358
 72.04333
 72.43186
 72.79057
 73.11417
 73.41151
 73.69921
 73.99097
 74.29038
 74.59049
 74.8787
 75.14583
 75.39084
 75.6217
 75.85136
 76.09233
 76.35223
 76.63238
 76.92966
 77.24019
 77.56163
 77.89426
 78.24017
 78.60146
 78.97936
 79.37419
 79.78618
 80.2155
 80.6617
 81.12254
 81.59226
 82.06268
 82.52431
 82.96878
 83.39204
 83.79485
 84.18195
 84.55855
 84.92793
 85.29027
 85.6447
 85.9922
 86.33782
 86.68969
 87.05707
 87.44641
 87.85992
 88.29409
 88.74152
 89.19315
 89.64079
 90.07963
 90.50855
 90.92945
 91.345
 91.75627
 92.16153
 92.55759
 92.94207
 93.31613
 93.68583
 94.06084
 94.45245
 94.87033
 95.31847
 95.7935
 96.28615
 96.78381
 97.2772
 97.76469
 98.25362
 98.75728
 99.28799
 99.85245
 100.4498
 101.0752
 101.7244
 102.396
 103.091
 103.809
 104.5445
 105.2872
 106.0249
 106.7481
 107.4543
 108.1496
 108.8472
 109.5636
 110.3127
 111.1017
 111.9267
 112.7744
 113.626
 114.463
 115.2723
 116.0494
 116.7966
 117.521
 118.2295
 118.9254
 119.6074
 120.2698
 120.9075
 121.5204
 122.1153
 122.7053
 123.3042
 123.9191
 124.5478
 125.1781
 125.7929
 126.3762
 126.9173
 127.4136
 127.8704
 128.2988
 128.7092
 129.1091
 129.4942
 129.8519
 130.1645
 130.417
 130.6044
 130.7336
 130.8203
 130.8816
 130.931
 130.9746
 131.0133
 131.0432
 131.0607
 131.0615
 131.0433
 131.0065
 130.9537
 130.8901
 130.8216
 130.7522
 130.682
 130.6076
 130.5235
 130.4265
 130.3178
 130.2024
 130.0866
 129.974
 129.8631
 129.749
 129.6266
 129.4964
 129.3657
 129.2465
 129.1493
 129.077
 129.0201
 128.9613
 128.8829
 128.7751
 128.6402
 128.4915
 128.3461
 128.2187
 128.1166
 128.0398
 127.9813
 127.9306
 127.8762
 127.808
 127.721
 127.6166
 127.5029
 127.3928
 127.2977
 127.2239
 127.1677
 127.1161
 127.0504
 126.9532
 126.8148
 126.6368
 126.4323
 126.2198
 126.0167
 125.8325
 125.6648
 125.5028
 125.33
 125.1321
 124.9004
 124.6333
 124.3352
 124.0141
 123.6789
 123.3368
 122.9917
 122.6418
 122.2812
 121.9027
 121.5014
 121.0775
 120.6362
 120.1845
 119.7266
 119.2619
 118.7831
 118.2803
 117.7457
 117.178
 116.5842
 115.9788
 115.3771
 114.79
 114.22
 113.6596
 113.0972
 112.5217
 111.9287
 111.3212
 110.7087
 110.1026
 109.5117
 108.938
 108.3763
 107.815
 107.2415
 106.6469
 106.0304
 105.3996
 104.7671
 104.1441
 103.5358
 102.9385
 102.344
 101.7437
 101.1338
 100.5175
 99.90114
 99.29181
 98.69263
 98.10207
 97.51617
 96.93159
 96.34951
 95.77541
 95.21658
 94.67843
 94.1599
 93.65443
 93.15256
 92.64781
 92.13941
 91.63216
 91.13372
 90.64994
 90.18243
 89.72901
 89.28663
 88.85478
 88.43736
 88.04141
 87.67292
 87.33181
 87.0102
 86.6935
 86.36733
 86.02433
 85.66637
 85.30437
 84.95156
 84.61781
 84.30476
 84.00668
 83.71411
 83.41788
 83.11325
 82.80107
 82.48631
 82.17601
 81.87598
 81.58943
 81.31615
 81.05379
 80.79962
 80.5539
 80.31932
 80.10173
 79.90724
 79.73948
 79.59715
 79.47416
 79.36052
 79.24619
 79.12453
 78.99487
 78.86193
 78.73348
 78.61636
 78.51361
 78.42271
 78.33686
 78.24792
 78.15049
 78.04517
 77.93827
 77.83963
 77.7583
 77.69738
 77.65353
 77.61866
 77.5845
 77.54617
 77.50407
 77.46395
 77.43364
 77.42077
 77.43128
 77.46653
 77.52512
 77.60102
 77.68596
 77.77209
 77.85344
 77.92944
 78.00611
 78.09431
 78.2048
 78.3422
 78.50121
 78.66697
 78.82183
 78.9531
 79.05907
 79.14944
 79.24017
 79.34489
 79.46824
 79.60387
 79.73817
 79.85699
 79.95289
 80.0293
 80.09853
 80.1762
 80.27332
 80.39034
 80.51636
 80.63367
 80.72674
 80.79035
 80.8335
 80.87559
 80.93867
 81.037
 81.17072
 81.32605
 81.48122
 81.61734
 81.7262
 81.81363
 81.89681
 81.99605
 82.12546
 82.28616
 82.46534
 82.64188
 82.79562
 82.91705
 83.01188
 83.09852
 83.19958
 83.33086
 83.49416
 83.67609
 83.85477
 84.00916
 84.12781
 84.21301
 84.27827
 84.34193
 84.41866
 84.51573
 84.62974
 84.75152
 84.87043
 84.97837
 85.07227
 85.15259
 85.22121
 85.27979
 85.32994
 85.37346
 85.41237
 85.4496
 85.48706
 85.52627
 85.56799
 85.61224
 85.65818
 85.70338
 85.74474
 85.77889
 85.80402
 85.82053
 85.83111
 85.83852
 85.8448
 85.8497
 85.85074
 85.84342
 85.82283
 85.78488
 85.72813
 85.65385
 85.56719
 85.47559
 85.38646
 85.30466
 85.22941
 85.15317
 85.06395
 84.94975
 84.80401
 84.63051
 84.44276
 84.26014
 84.09956
 83.96913
 83.86311
 83.76529
 83.65519
 83.51687
 83.3451
 83.14682
 82.9361
 82.72746
 82.52934
 82.34132
 82.15623
 81.96416
 81.75848
 81.53764
 81.30606
 81.07154
 80.84007
 80.61469
 80.39352
 80.17248
 79.94691
 79.71447
 79.47446
 79.22775
 78.97476
 78.71525
 78.44986
 78.18094
 77.9138
 77.65401
 77.40614
 77.17079
 76.94413
 76.71963
 76.4907
 76.25292
 76.00638
 75.75417
 75.50127
 75.25255
 75.01048
 74.77445
 74.54093
 74.30537
 74.06383
 73.81591
 73.56432
 73.31332
 73.06675
 72.82504
 72.58494
 72.34054
 72.08674
 71.82211
 71.5507
 71.28033
 71.01956
 70.77379
 70.54279
 70.32089
 70.09914
 69.8695
 69.62892
 69.3802
 69.13106
 68.88965
 68.66089
 68.44423
 68.23409
 68.02287
 67.80467
 67.57833
 67.34804
 67.12029
 66.90161
 66.69424
 66.49537
 66.29892
 66.0991
 65.89294
 65.68252
 65.47279
 65.26926
 65.07491
 64.88974
 64.71036
 64.53278
 64.35378
 64.17255
 63.99078
 63.81187
 63.63956
 63.47615
 63.32138
 63.17296
 63.02775
 62.88329
 62.73972
 62.59934
 62.46513
 62.33955
 62.22294
 62.11386
 62.00967
 61.90764
 61.80587
 61.70286
 61.59816
 61.49252
 61.38717
 61.28456
 61.18696
 61.0956
 61.01034
 60.92871
 60.84728
 60.76255
 60.6729
 60.57886
 60.48338
 60.39035
 60.30312
 60.22357
 60.15092
 60.08231
 60.01386
 59.94206
 59.86601
 59.78905
 59.71786
 59.65952
 59.6179
 59.5913
 59.57252
 59.55259
 59.52515
 59.48901
 59.44852
 59.41056
 59.38206
 59.36661
 59.36476
 59.37351
 59.3882
 59.40359
 59.41552
 59.42185
 59.42197
 59.41798
 59.41319
 59.41162
 59.41676
 59.43086
 59.45362
 59.48306
 59.51562
 59.54912
 59.58321
 59.61946
 59.66058
 59.70824
 59.76275
 59.82232
 59.88476
 59.94827
 60.01233
 60.07756
 60.14475
 60.21405
 60.28493
 60.35596
 60.42586
 60.49411
 60.56157
 60.63
 60.70162
 60.77721
 60.85643
 60.93724
 61.01716
 61.09477
 61.16934
 61.24203
 61.31501
 61.39046
 61.47029
 61.5557
 61.64655
 61.74177
 61.83953
 61.93738
 62.03284
 62.12414
 62.21173
 62.29805
 62.38826
 62.4868
 62.59613
 62.71426
 62.8352
 62.95091
 63.05405
 63.14144
 63.21421
 63.27796
 63.34
 63.40625
 63.47857
 63.55524
 63.63162
 63.70325
 63.76793
 63.82669
 63.88245
 63.93935
 64.00061
 64.06729
 64.13821
 64.20974
 64.27702
 64.3362
 64.38581
 64.42808
 64.4672
 64.50748
 64.55122
 64.59779
 64.64441
 64.68829
 64.72755
 64.76189
 64.79227
 64.8195
 64.84473
 64.86815
 64.88978
 64.91003
 64.92927
 64.94878
 64.9698
 64.99388
 65.0222
 65.05491
 65.09058
 65.12656
 65.15938
 65.18504
 65.20065
 65.20473
 65.19834
 65.18423
 65.16656
 65.14931
 65.13429
 65.12143
 65.10839
 65.09197
 65.06892
 65.0371
 64.99605
 64.94754
 64.89472
 64.84102
 64.78826
 64.73654
 64.68374
 64.62838
 64.56993
 64.50961
 64.44884
 64.38789
 64.32543
 64.25945
 64.18847
 64.11244
 64.03294
 63.95187
 63.87056
 63.78888
 63.70588
 63.61968
 63.5289
 63.43255
 63.33079
 63.22452
 63.11563
 63.00598
 62.89717
 62.78959
 62.68244
 62.57375
 62.4617
 62.34478
 62.22314
 62.09827
 61.97301
 61.85072
 61.73395
 61.62388
 61.51955
 61.41784
 61.31492
 61.20793
 61.09544
 60.97835
 60.85884
 60.73879
 60.61951
 60.5019
 60.38616
 60.27258
 60.16154
 60.05233
 59.94351
 59.83215
 59.71481
 59.58883
 59.45391
 59.31249
 59.16973
 59.03128
 58.90046
 58.7769
 58.65689
 58.5357
 58.4109
 58.28402
 58.15996
 58.04412
 57.93941
 57.84518
 57.75697
 57.67009
 57.58132
 57.49064
 57.40158
 57.31936
 57.2487
 57.1911
 57.14437
 57.10227
 57.05698
 57.00199
 56.93461
 56.85687
 56.77422
 56.69339
 56.61942
 56.55412
 56.49547
 56.43965
 56.38313
 56.32429
 56.26496
 56.20914
 56.16122
 56.12354
 56.09531
 56.073
 56.05201
 56.02967
 56.00671
 55.9874
 55.97791
 55.98289
 56.00375
 56.0378
 56.07962
 56.12333
 56.16487
 56.20295
 56.23893
 56.27525
 56.31422
 56.35651
 56.4012
 56.44581
 56.48745
 56.52375
 56.55375
 56.57824
 56.59941
 56.62041
 56.64405
 56.67226
 56.70548
 56.74228
 56.78093
 56.81971
 56.85887
 56.90044
 56.94808
 57.00558
 57.07508
 57.15638
 57.24757
 57.34569
 57.44858
 57.55532
 57.66593
 57.78117
 57.90145
 58.02667
 58.15635
 58.29002
 58.42737
 58.56841
 58.71352
 58.86337
 59.01829
 59.17782
 59.34015
 59.50241
 59.66078
 59.812
 59.95447
 60.08924
 60.21997
 60.35191
 60.48996
 60.63654
 60.79041
 60.94706
 61.101
 61.24803
 61.38802
 61.52459
 61.66399
 61.81206
 61.97212
 62.1434
 62.32238
 62.504
 62.68476
 62.86325
 63.04102
 63.22066
 63.40482
 63.5936
 63.78464
 63.97413
 64.15779
 64.33331
 64.50081
 64.66259
 64.82225
 64.98363
 65.14937
 65.32054
 65.49712
 65.67795
 65.86256
 66.05077
 66.24323
 66.4408
 66.64399
 66.85233
 67.0646
 67.2793
 67.49493
 67.71062
 67.92619
 68.14169
 68.35738
 68.57246
 68.78542
 68.99309
 69.1921
 69.37924
 69.55338
 69.71565
 69.86927
 70.01834
 70.16679
 70.31706
 70.4698
 70.62418
 70.77883
 70.9329
 71.08632
 71.23938
 71.39241
 71.54587
 71.69955
 71.85413
 72.01026
 72.16911
 72.33116
 72.49619
 72.66319
 72.83077
 72.99783
 73.16385
 73.32917
 73.49402
 73.65908
 73.82388
 73.98724
 74.14702
 74.30102
 74.44745
 74.58547
 74.71504
 74.83662
 74.95092
 75.05886
 75.16218
 75.26358
 75.36643
 75.47323
 75.58489
 75.70044
 75.81607
 75.92835
 76.03465
 76.13494
 76.23116
 76.32696
 76.42487
 76.526
 76.62813
 76.72752
 76.82026
 76.90283
 76.97449
 77.03629
 77.09022
 77.13887
 77.18391
 77.2263
 77.26606
 77.30334
 77.33791
 77.36976
 77.39866
 77.42471
 77.44832
 77.47075
 77.49386
 77.51933
 77.54893
 77.58313
 77.62169
 77.66367
 77.7084
 77.75567
 77.80613
 77.8606
 77.91927
 77.98088
 78.0435
 78.10435
 78.16139
 78.21324
 78.25945
 78.29916
 78.33182
 78.35653
 78.37285
 78.3812
 78.38351
 78.38183
 78.37863
 78.3751
 78.3712
 78.36543
 78.3558
 78.34023
 78.31784
 78.28989
 78.25907
 78.22905
 78.20364
 78.18493
 78.17293
 78.16554
 78.15923
 78.15079
 78.13921
 78.12547
 78.11273
 78.10447
 78.10225
 78.10497
 78.10886
 78.10931
 78.10175
 78.08365
 78.05446
 78.01502
 77.96674
 77.91145
 77.85004
 77.78339
 77.71217
 77.63754
 77.56152
 77.48716
 77.41817
 77.35844
 77.31005
 77.27451
 77.2511
 77.23773
 77.23075
 77.22643
 77.22092
 77.21194
 77.19792
 77.17878
 77.15404
 77.1226
 77.0823
 77.03126
 76.96823
 76.89373
 76.80999
 76.72009
 76.62771
 76.53633
 76.44904
 76.36878
 76.29757
 76.23725
 76.18937
 76.15513
 76.13586
 76.13264
 76.14549
 76.17328
 76.21308
 76.26089
 76.31238
 76.36328
 76.41013
 76.45071
 76.48347
 76.50749
 76.52174
 76.52513
 76.51643
 76.49467
 76.46078
 76.41714
 76.36811
 76.31995
 76.27901
 76.25098
 76.23972
 76.24679
 76.27154
 76.31229
 76.3664
 76.43188
 76.50616
 76.58759
 76.67298
 76.75864
 76.84062
 76.91536
 76.98138
 77.04025
 77.09619
 77.15458
 77.2205
 77.29736
 77.38651
 77.48813
 77.60115
 77.7244
 77.85607
 77.99374
 78.13468
 78.27513
 78.41141
 78.54073
 78.66156
 78.77474
 78.8835
 78.99364
 79.11198
 79.24598
 79.40185
 79.5828
 79.78889
 80.0164
 80.25851
 80.50509
 80.74561
 80.97018
 81.17081
 81.34383
 81.48978
 81.61391
 81.72544
 81.83634
 81.95936
 82.10575
 82.2838
 82.4966
 82.7421
 83.01411
 83.30261
 83.59624
 83.88412
 84.15591
 84.40348
 84.6215
 84.80698
 84.96218
 85.09323
 85.21172
 85.33212
 85.46967
 85.6374
 85.84209
 86.08358
 86.35326
 86.6368
 86.91747
 87.17966
 87.41303
 87.61455
 87.78741
 87.93896
 88.07758
 88.21078
 88.34267
 88.47553
 88.61006
 88.74615
 88.88333
 89.02104
 89.1579
 89.29157
 89.41933
 89.53832
 89.64691
 89.74561
 89.8371
 89.92615
 90.01762
 90.11583
 90.22249
 90.33645
 90.45424
 90.57104
 90.68239
 90.78522
 90.87843
 90.96333
 91.04247
 91.11893
 91.19467
 91.27105
 91.34807
 91.425
 91.50094
 91.57533
 91.64811
 91.72006
 91.79216
 91.8651
 91.93858
 92.0112
 92.08126
 92.14819
 92.21255
 92.27659
 92.34257
 92.41209
 92.48512
 92.56041
 92.63661
 92.71304
 92.78968
 92.86654
 92.94395
 93.02081
 93.0957
 93.16658
 93.2322
 93.29119
 93.34243
 93.38439
 93.41563
 93.43446
 93.44107
 93.43635
 93.42295
 93.4042
 93.38334
 93.36331
 93.34625
 93.33341
 93.32516
 93.32111
 93.32041
 93.32182
 93.32477
 93.32902
 93.33532
 93.34447
 93.35732
 93.37394
 93.39289
 93.41295
 93.43266
 93.45175
 93.47179
 93.49401
 93.51925
 93.54634
 93.57289
 93.59517
 93.61044
 93.61673
 93.61417
 93.60341
 93.58629
 93.56448
 93.53922
 93.51092
 93.47873
 93.44095
 93.39611
 93.34261
 93.27966
 93.20713
 93.12488
 93.03278
 92.93027
 92.81755
 92.6948
 92.56243
 92.42214
 92.27523
 92.12408
 91.97085
 91.81744
 91.66606
 91.51854
 91.3766
 91.24174
 91.11451
 90.99455
 90.88058
 90.7709
 90.66376
 90.55769
 90.45144
 90.34351
 90.23244
 90.1171
 89.99755
 89.87508
 89.75191
 89.63009
 89.51151
 89.39657
 89.28471
 89.17433
 89.06345
 88.95004
 88.83308
 88.71245
 88.58858
 88.4621
 88.33264
 88.19917
 88.06064
 87.91595
 87.76617
 87.61424
 87.46424
 87.32011
 87.18395
 87.05427
 86.92696
 86.79661
 86.65845
 86.50986
 86.35089
 86.18307
 86.00826
 85.82822
 85.64297
 85.45224
 85.25618
 85.05517
 84.8513
 84.64698
 84.44434
 84.245
 84.04946
 83.85754
 83.66871
 83.48224
 83.29788
 83.11567
 82.93584
 82.7583
 82.58299
 82.40912
 82.23458
 82.05763
 81.87557
 81.68684
 81.49079
 81.28789
 81.07919
 80.86558
 80.64745
 80.42403
 80.19432
 79.95675
 79.71021
 79.45432
 79.18974
 78.91819
 78.64212
 78.36404
 78.08603
 77.81045
 77.53874
 77.27322
 77.01599
 76.76862
 76.53223
 76.30666
 76.09026
 75.88079
 75.67494
 75.46967
 75.26199
 75.05066
 74.83521
 74.61695
 74.39832
 74.18167
 73.96902
 73.76118
 73.55873
 73.36147
 73.16987
 72.98463
 72.806
 72.63475
 72.47026
 72.31127
 72.15581
 72.00095
 71.84465
 71.68545
 71.52399
 71.36227
 71.20416
 71.05347
 70.91258
 70.78172
 70.65913
 70.54217
 70.42783
 70.31547
 70.20529
 70.09879
 69.99698
 69.89993
 69.80632
 69.7149
 69.62428
 69.53438
 69.44643
 69.36234
 69.28479
 69.21593
 69.15773
 69.11069
 69.07475
 69.04881
 69.03065
 69.01797
 69.00829
 68.9996
 68.99043
 68.98084
 68.97089
 68.96152
 68.95401
 68.94968
 68.95016
 68.95686
 68.9709
 68.99308
 69.0238
 69.06228
 69.10728
 69.15652
 69.2074
 69.25706
 69.30357
 69.34605
 69.38469
 69.42098
 69.45708
 69.49501
 69.53687
 69.58469
 69.63995
 69.7036
 69.77596
 69.85623
 69.94255
 70.03224
 70.12318
 70.21404
 70.30479
 70.39668
 70.49111
 70.58949
 70.69202
 70.79827
 70.90775
 71.0204
 71.1368
 71.2578
 71.38461
 71.5169
 71.65415
 71.79391
 71.93407
 72.0732
 72.21135
 72.35021
 72.49235
 72.64046
 72.79607
 72.95926
 73.1282
 73.30022
 73.4725
 73.64265
 73.80968
 73.97323
 74.13406
 74.29353
 74.45216
 74.61025
 74.76775
 74.92405
 75.07932
 75.23392
 75.38865
 75.54452
 75.70213
 75.86147
 76.02232
 76.18404
 76.34592
 76.50703
 76.6674
 76.82676
 76.98547
 77.14444
 77.30427
 77.46561
 77.62899
 77.79441
 77.96183
 78.13074
 78.30106
 78.47217
 78.64371
 78.81477
 78.98434
 79.15146
 79.31507
 79.47469
 79.63029
 79.78165
 79.92976
 80.07551
 80.2204
 80.36604
 80.51336
 80.66273
 80.81345
 80.96388
 81.11243
 81.2579
 81.39919
 81.53642
 81.66908
 81.7972
 81.92001
 82.03619
 82.14523
 82.24703
 82.34229
 82.43205
 82.51803
 82.60186
 82.68427
 82.76545
 82.84479
 82.92007
 82.9893
 83.05038
 83.10258
 83.1459
 83.18197
 83.21249
 83.2391
 83.2625
 83.28292
 83.30044
 83.31569
 83.3296
 83.34341
 83.35779
 83.37222
 83.38504
 83.39385
 83.39648
 83.39136
 83.37849
 83.35804
 83.33105
 83.29783
 83.25819
 83.21161
 83.1576
 83.09621
 83.02864
 82.95597
 82.87991
 82.80106
 82.71917
 82.63374
 82.54372
 82.4483
 82.34676
 82.23848
 82.12304
 82.00018
 81.86973
 81.73221
 81.5886
 81.43963
 81.28646
 81.12976
 80.97021
 80.80817
 80.64411
 80.47885
 80.31277
 80.14605
 79.978
 79.80726
 79.63132
 79.44801
 79.25523
 79.05192
 78.83814
 78.61508
 78.38428
 78.14765
 77.90669
 77.66241
 77.41537
 77.1662
 76.91496
 76.66218
 76.40771
 76.15134
 75.89257
 75.63063
 75.36443
 75.09354
 74.81805
 74.5384
 74.25601
 73.97218
 73.68902
 73.40824
 73.13195
 72.86101
 72.59611
 72.3359
 72.0789
 71.82287
 71.56634
 71.30779
 71.04624
 70.78101
 70.51133
 70.23693
 69.95804
 69.67535
 69.3901
 69.10401
 68.81834
 68.53396
 68.25121
 67.97024
 67.69111
 67.41387
 67.13901
 66.86689
 66.59735
 66.33074
 66.06704
 65.80627
 65.54882
 65.2951
 65.04537
 64.79948
 64.55714
 64.31762
 64.08077
 63.84621
 63.61446
 63.38554
 63.15981
 62.9372
 62.71718
 62.49932
 62.28334
 62.06923
 61.85758
 61.64876
 61.44311
 61.24081
 61.04187
 60.84677
 60.65596
 60.47005
 60.28942
 60.11384
 59.94287
 59.7755
 59.61077
 59.44788
 59.28701
 59.12906
 58.97544
 58.82738
 58.68555
 58.55017
 58.42055
 58.29575
 58.1752
 58.05843
 57.94573
 57.83757
 57.73449
 57.63706
 57.54503
 57.45814
 57.3759
 57.29804
 57.22473
 57.15631
 57.09314
 57.03525
 56.98229
 56.93326
 56.88728
 56.84336
 56.80122
 56.76114
 56.72394
 56.69136
 56.66497
 56.64566
 56.63411
 56.63068
 56.63537
 56.64872
 56.67136
 56.70364
 56.74505
 56.79408
 56.84834
 56.90454
 56.96014
 57.01287
 57.06159
 57.10546
 57.14479
 57.17981
 57.21123
 57.2404
 57.26894
 57.29863
 57.33125
 57.36798
 57.40904
 57.45455
 57.504
 57.55762
 57.61594
 57.68037
 57.75318
 57.8366
 57.93277
 58.0431
 58.16774
 58.30629
 58.45737
 58.6194
 58.79076
 58.96982
 59.1545
 59.34211
 59.52942
 59.71229
 59.88687
 60.04949
 60.19793
 60.3317
 60.45097
 60.55791
 60.65507
 60.7452
 60.83117
 60.91585
 61.00198
 61.09242
 61.18959
 61.29566
 61.41235
 61.53992
 61.67846
 61.82669
 61.98293
 62.14547
 62.31205
 62.48046
 62.64838
 62.81344
 62.97381
 63.12784
 63.27478
 63.41461
 63.54829
 63.67708
 63.80242
 63.92573
 64.04803
 64.17042
 64.29382
 64.41906
 64.54693
 64.67789
 64.81192
 64.9484
 65.08688
 65.22666
 65.36799
 65.51173
 65.6591
 65.81183
 65.97112
 66.13753
 66.31074
 66.48951
 66.6725
 66.85764
 67.04308
 67.22681
 67.40684
 67.58109
 67.7476
 67.90536
 68.05396
 68.19437
 68.32826
 68.4578
 68.58502
 68.71147
 68.83881
 68.96786
 69.09983
 69.2359
 69.37775
 69.52635
 69.68269
 69.84625
 70.01556
 70.18848
 70.36183
 70.53311
 70.69977
 70.8602
 71.01331
 71.15879
 71.29659
 71.42682
 71.5504
 71.66875
 71.78357
 71.89702
 72.01077
 72.12634
 72.24432
 72.36458
 72.48711
 72.61137
 72.73693
 72.86315
 72.98955
 73.11538
 73.24001
 73.36253
 73.48274
 73.60051
 73.71595
 73.82928
 73.94025
 74.04781
 74.15085
 74.24757
 74.33631
 74.4159
 74.48573
 74.54577
 74.59621
 74.6378
 74.67087
 74.69627
 74.71494
 74.72825
 74.73808
 74.7463
 74.75478
 74.7654
 74.77924
 74.79699
 74.81866
 74.84459
 74.87474
 74.90948
 74.94936
 74.99503
 75.0468
 75.10425
 75.16644
 75.23114
 75.29597
 75.35802
 75.41441
 75.46297
 75.50204
 75.53063
 75.54817
 75.55473
 75.55049
 75.53642
 75.51385
 75.48442
 75.44998
 75.4123
 75.37292
 75.33304
 75.29333
 75.2543
 75.21596
 75.1787
 75.14236
 75.10687
 75.07261
 75.0396
 75.00853
 74.97989
 74.95391
 74.93095
 74.91026
 74.89091
 74.87154
 74.85107
 74.82859
 74.8037
 74.77628
 74.74665
 74.71443
 74.67912
 74.64014
 74.59689
 74.54889
 74.4962
 74.43899
 74.37743
 74.31141
 74.24035
 74.16322
 74.07874
 73.98631
 73.88517
 73.77531
 73.6577
 73.53314
 73.40293
 73.26878
 73.13306
 72.99823
 72.86726
 72.74243
 72.62615
 72.51932
 72.42205
 72.33374
 72.2528
 72.17716
 72.10406
 72.03069
 71.95432
 71.87231
 71.78274
 71.68465
 71.57811
 71.46434
 71.34511
 71.22276
 71.09946
 70.97771
 70.85931
 70.74593
 70.63957
 70.54189
 70.45445
 70.37841
 70.31458
 70.26267
 70.2215
 70.18899
 70.16264
 70.13964
 70.1173
 70.09341
 70.06603
 70.03385
 69.99558
 69.95035
 69.89761
 69.83685
 69.76836
 69.69263
 69.61092
 69.52503
 69.43715
 69.34928
 69.26312
 69.17973
 69.0997
 69.02338
 68.95104
 68.88342
 68.82175
 68.76739
 68.72196
 68.68719
 68.66445
 68.65484
 68.65908
 68.67727
 68.70865
 68.75147
 68.80325
 68.86047
 68.9196
 68.97729
 69.03048
 69.07749
 69.11789
 69.15231
 69.18267
 69.21172
 69.24247
 69.2779
 69.32068
 69.3728
 69.4353
 69.50848
 69.59198
 69.68475
 69.78502
 69.89072
 69.9993
 70.10827
 70.21537
 70.31913
 70.41886
 70.51529
 70.60973
 70.70457
 70.80306
 70.90841
 71.0236
 71.15093
 71.29139
 71.44474
 71.61006
 71.78558
 71.96957
 72.16061
 72.35738
 72.55893
 72.76456
 72.97351
 73.18535
 73.39986
 73.61711
 73.83766
 74.06181
 74.2905
 74.52385
 74.76196
 75.00543
 75.25471
 75.5104
 75.77353
 76.04449
 76.32327
 76.60925
 76.90066
 77.19612
 77.49355
 77.79134
 78.08904
 78.38592
 78.68143
 78.97508
 79.26594
 79.55273
 79.83501
 80.11247
 80.38585
 80.65646
 80.92612
 81.19692
 81.47015
 81.74655
 82.02666
 82.30981
 82.5955
 82.88292
 83.17091
 83.4589
 83.74601
 84.03162
 84.31528
 84.59713
 84.87784
 85.15858
 85.4409
 85.72601
 86.01499
 86.30848
 86.6058
 86.90637
 87.20881
 87.51202
 87.81497
 88.11692
 88.41734
 88.71574
 89.01215
 89.30687
 89.60046
 89.89455
 90.19057
 90.4904
 90.795
 91.10491
 91.41977
 91.73771
 92.05664
 92.37398
 92.68723
 92.99426
 93.29362
 93.58401
 93.86487
 94.13593
 94.39693
 94.64773
 94.88797
 95.11695
 95.33363
 95.53756
 95.72864
 95.90662
 96.07263
 96.22771
 96.37296
 96.50906
 96.63646
 96.7551
 96.86487
 96.96583
 97.05831
 97.14307
 97.22047
 97.29125
 97.35612
 97.41505
 97.46815
 97.51549
 97.55697
 97.5929
 97.62328
 97.64832
 97.66798
 97.68212
 97.68983
 97.69064
 97.6832
 97.66682
 97.64063
 97.60458
 97.55858
 97.50301
 97.43856
 97.36577
 97.28535
 97.1981
 97.10449
 97.00533
 96.90084
 96.79163
 96.67835
 96.5619
 96.44283
 96.32159
 96.19861
 96.07317
 95.94426
 95.81052
 95.67043
 95.52251
 95.36536
 95.19783
 95.01884
 94.82708
 94.62173
 94.40173
 94.16668
 93.91638
 93.65125
 93.37244
 93.0815
 92.78041
 92.47149
 92.15699
 91.83873
 91.51775
 91.19403
 90.86699
 90.53477
 90.19576
 89.84786
 89.48966
 89.11977
 88.73785
 88.34458
 87.94122
 87.52953
 87.11227
 86.69199
 86.27134
 85.8531
 85.43883
 85.02975
 84.62596
 84.22667
 83.83003
 83.43392
 83.03575
 82.63348
 82.22581
 81.81234
 81.39381
 80.97211
 80.54945
 80.12841
 79.71091
 79.29864
 78.89192
 78.49076
 78.09444
 77.70169
 77.31099
 76.92109
 76.53043
 76.13776
 75.74252
 75.34451
 74.94444
 74.54359
 74.14334
 73.74519
 73.34962
 72.95679
 72.56613
 72.17654
 71.78726
 71.39738
 71.00677
 70.61562
 70.22545
 69.83775
 69.4547
 69.07836
 68.71018
 68.3515
 68.00248
 67.66253
 67.3306
 67.00574
 66.68658
 66.37229
 66.062
 65.75521
 65.45177
 65.15144
 64.85455
 64.56118
 64.27204
 63.98766
 63.70893
 63.43664
 63.17129
 62.91342
 62.6627
 62.41875
 62.18074
 61.94778
 61.71931
 61.49494
 61.27542
 61.06178
 60.85545
 60.65752
 60.46903
 60.29005
 60.12041
 59.95898
 59.80453
 59.65578
 59.51142
 59.3704
 59.23146
 59.09363
 58.95621
 58.81867
 58.68089
 58.54358
 58.4079
 58.27542
 58.1478
 58.02695
 57.91407
 57.81041
 57.71626
 57.63212
 57.55747
 57.49242
 57.43673
 57.39065
 57.35485
 57.33008
 57.31701
 57.31652
 57.32853
 57.35245
 57.3877
 57.43313
 57.48767
 57.55041
 57.62055
 57.69736
 57.77982
 57.86681
 57.95769
 58.05157
 58.14834
 58.24817
 58.35209
 58.46131
 58.57705
 58.70005
 58.83089
 58.96894
 59.11354
 59.26368
 59.41844
 59.57762
 59.74136
 59.9098
 60.08351
 60.26254
 60.44691
 60.63649
 60.83084
 61.02997
 61.23368
 61.44202
 61.65474
 61.87168
 62.09292
 62.31833
 62.54791
 62.78185
 63.02024
 63.26278
 63.50941
 63.75964
 64.01314
 64.26958
 64.52895
 64.79097
 65.05594
 65.32384
 65.59482
 65.86887
 66.14611
 66.42667
 66.71062
 66.99815
 67.28899
 67.58316
 67.88026
 68.17993
 68.48172
 68.78535
 69.09073
 69.3975
 69.70529
 70.01404
 70.32287
 70.63146
 70.93904
 71.24493
 71.54875
 71.85011
 72.1486
 72.4441
 72.73654
 73.02568
 73.31131
 73.59344
 73.87181
 74.14668
 74.41867
 74.68778
 74.95475
 75.21984
 75.48312
 75.74445
 76.00352
 76.26004
 76.51373
 76.76421
 77.01109
 77.25442
 77.49359
 77.72872
 77.95935
 78.18521
 78.40572
 78.62055
 78.82921
 79.03152
 79.22719
 79.41655
 79.59991
 79.77776
 79.95012
 80.11687
 80.27763
 80.43164
 80.57798
 80.71599
 80.84515
 80.96568
 81.07816
 81.18314
 81.28152
 81.37386
 81.46054
 81.54158
 81.61676
 81.68571
 81.74795
 81.80283
 81.85026
 81.88976
 81.92134
 81.94505
 81.96112
 81.97031
 81.97316
 81.97017
 81.96201
 81.94874
 81.93006
 81.90559
 81.87421
 81.83533
 81.7878
 81.73065
 81.66325
 81.58501
 81.49587
 81.39573
 81.28546
 81.16567
 81.0379
 80.90326
 80.76255
 80.61664
 80.46558
 80.3093
 80.14746
 79.97974
 79.80551
 79.62464
 79.43679
 79.2421
 79.04102
 78.83402
 78.62201
 78.40585
 78.1858
 77.96193
 77.7335
 77.49965
 77.25929
 77.01133
 76.75503
 76.49006
 76.2165
 75.93499
 75.64626
 75.35125
 75.05107
 74.74673
 74.43949
 74.13005
 73.81949
 73.50829
 73.19693
 72.88538
 72.57337
 72.2605
 71.94666
 71.63191
 71.31656
 71.00112
 70.68647
 70.37329
 70.06206
 69.7532
 69.44675
 69.14266
 68.84067
 68.54033
 68.24119
 67.94273
 67.64404
 67.34457
 67.04352
 66.74029
 66.43462
 66.12634
 65.81568
 65.50296
 65.18864
 64.87337
 64.55779
 64.24316
 63.93072
 63.62206
 63.31861
 63.02195
 62.73304
 62.45226
 62.17966
 61.91479
 61.65681
 61.40502
 61.1587
 60.91733
 60.68009
 60.44606
 60.2142
 59.98291
 59.75075
 59.5162
 59.27831
 59.03638
 58.79025
 58.54043
 58.28775
 58.03363
 57.7795
 57.52741
 57.27882
 57.03541
 56.79853
 56.56916
 56.34818
 56.13641
 55.93464
 55.74353
 55.56372
 55.39546
 55.23871
 55.09287
 54.95669
 54.82875
 54.70712
 54.58995
 54.47536
 54.36167
 54.24729
 54.13076
 54.01107
 53.88764
 53.7604
 53.63009
 53.49775
 53.36486
 53.23314
 53.1042
 52.9795
 52.86037
 52.74809
 52.64362
 52.54788
 52.46138
 52.38478
 52.31811
 52.26141
 52.21481
 52.17797
 52.1509
 52.1334
 52.12517
 52.1259
 52.13524
 52.15277
 52.1779
 52.20991
 52.24816
 52.29198
 52.34074
 52.39399
 52.45174
 52.51405
 52.58136
 52.65411
 52.73297
 52.81862
 52.91157
 53.01248
 53.12194
 53.24015
 53.36726
 53.50307
 53.6471
 53.79884
 53.95745
 54.12205
 54.29153
 54.46453
 54.63934
 54.8144
 54.98814
 55.15924
 55.32699
 55.49126
 55.65245
 55.81144
 55.96964
 56.12895
 56.29145
 56.45951
 56.63548
 56.82138
 57.01883
 57.22904
 57.45241
 57.68916
 57.93889
 58.20096
 58.47454
 58.75866
 59.05214
 59.35366
 59.66227
 59.97693
 60.29697
 60.6217
 60.95069
 61.28332
 61.61891
 61.95646
 62.29506
 62.63362
 62.97123
 63.30746
 63.64174
 63.97409
 64.30478
 64.63388
 64.96231
 65.29075
 65.62029
 65.95208
 66.28723
 66.62686
 66.97144
 67.32148
 67.67652
 68.03629
 68.39966
 68.76562
 69.13309
 69.501
 69.86819
 70.23409
 70.59808
 70.96014
 71.3203
 71.67891
 72.03693
 72.39451
 72.75246
 73.11085
 73.46986
 73.82949
 74.18977
 74.55087
 74.91299
 75.27638
 75.64163
 76.00883
 76.37814
 76.74899
 77.12086
 77.49263
 77.86271
 78.22958
 78.59167
 78.94739
 79.29547
 79.63477
 79.96483
 80.28521
 80.59644
 80.89919
 81.1946
 81.48447
 81.77004
 82.05326
 82.33553
 82.61742
 82.89957
 83.18148
 83.46268
 83.74212
 84.01829
 84.28999
 84.55579
 84.81441
 85.0651
 85.30727
 85.54079
 85.76609
 85.98352
 86.19388
 86.39806
 86.59658
 86.7896
 86.97721
 87.15913
 87.33517
 87.50439
 87.66653
 87.82075
 87.96678
 88.10484
 88.23504
 88.35821
 88.47499
 88.58663
 88.69415
 88.798
 88.89875
 88.99646
 89.09092
 89.18075
 89.26467
 89.34103
 89.40797
 89.46375
 89.50723
 89.5383
 89.55749
 89.56681
 89.56927
 89.56818
 89.56787
 89.57211
 89.58375
 89.60471
 89.63519
 89.67376
 89.71798
 89.76399
 89.80752
 89.84447
 89.87021
 89.88118
 89.87369
 89.84502
 89.79254
 89.71404
 89.60879
 89.47651
 89.3176
 89.13409
 88.92857
 88.70464
 88.46622
 88.21789
 87.96351
 87.70689
 87.45081
 87.1964
 86.9434
 86.69049
 86.43559
 86.17687
 85.9134
 85.64536
 85.37508
 85.10551
 84.84051
 84.58386
 84.33806
 84.10436
 83.88208
 83.66897
 83.46192
 83.25665
 83.04903
 82.83447
 82.60947
 82.37042
 82.11506
 81.84239
 81.55352
 81.25127
 80.94051
 80.62669
 80.31616
 80.01396
 79.72398
 79.44781
 79.18545
 78.93459
 78.6919
 78.45354
 78.21539
 77.97403
 77.727
 77.47372
 77.21529
 76.95519
 76.69845
 76.45094
 76.21799
 76.00349
 75.80807
 75.6294
 75.46218
 75.29977
 75.13534
 74.96375
 74.78232
 74.59142
 74.39466
 74.19713
 74.00547
 73.82572
 73.66277
 73.51995
 73.39803
