 8.101297E-10
 75.19476
 639.5782
 1942.194
 4228.234
 7180.764
 10919.36
 15366.33
 20483.69
 26249.39
 32647.59
 39666.94
 47300.59
 55546.28
 64406.59
 73888.36
 84002.34
 94762.49
 106185.1
 118287.8
 131088.1
 144603.1
 158847.8
 173833.7
 189569
 206057.9
 223299.8
 241290
 260019.2
 279474.5
 299639.7
 320495.3
 342020.2
 364191.1
 386983.5
 410372.4
 434332.9
 458838.1
 483863.2
 509382.6
 535370.5
 561803.6
 588657.3
 615907.1
 643530.8
 671505.3
 699807.8
 728417.1
 757310.8
 786467.6
 815866.2
 845484.8
 875302.9
 905299.9
 935453.6
 965743.4
 996147.3
 1026645
 1057215
 1087835
 1118482
 1149135
 1179774
 1210374
 1240914
 1271373
 1301724
 1331947
 1362019
 1391918
 1421620
 1451103
 1480344
 1509319
 1538005
 1566382
 1594427
 1622117
 1649433
 1676352
 1702852
 1728914
 1754516
 1779640
 1804267
 1828377
 1851955
 1874978
 1897434
 1919305
 1940576
 1961230
 1981254
 2000634
 2019356
 2037409
 2054781
 2071463
 2087440
 2102704
 2117249
 2131065
 2144145
 2156483
 2168072
 2178909
 2188989
 2198309
 2206867
 2214662
 2221692
 2227958
 2233462
 2238206
 2242192
 2245427
 2247910
 2249654
 2250661
 2250939
 2250499
 2249349
 2247501
 2244965
 2241754
 2237881
 2233358
 2228203
 2222430
 2216054
 2209093
 2201566
 2193490
 2184885
 2175768
 2166162
 2156084
 2145556
 2134599
 2123235
 2111485
 2099369
 2086910
 2074126
 2061042
 2047677
 2034054
 2020193
 2006116
 1991843
 1977395
 1962789
 1948049
 1933190
 1918231
 1903191
 1888089
 1872940
 1857761
 1842568
 1827377
 1812202
 1797058
 1781956
 1766913
 1751938
 1737045
 1722246
 1707550
 1692968
 1678511
 1664186
 1650005
 1635973
 1622100
 1608393
 1594859
 1581504
 1568335
 1555357
 1542575
 1529997
 1517626
 1505466
 1493521
 1481797
 1470296
 1459023
 1447980
 1437170
 1426596
 1416261
 1406167
 1396317
 1386712
 1377356
 1368248
 1359391
 1350787
 1342436
 1334342
 1326503
 1318923
 1311601
 1304540
 1297738
 1291199
 1284924
 1278910
 1273161
 1267677
 1262458
 1257505
 1252817
 1248397
 1244244
 1240359
 1236744
 1233396
 1230317
 1227508
 1224970
 1222702
 1220704
 1218976
 1217519
 1216331
 1215412
 1214762
 1214379
 1214261
 1214408
 1214817
 1215484
 1216408
 1217584
 1219010
 1220680
 1222591
 1224736
 1227109
 1229704
 1232516
 1235538
 1238762
 1242180
 1245785
 1249570
 1253526
 1257644
 1261917
 1266334
 1270889
 1275573
 1280377
 1285293
 1290312
 1295426
 1300627
 1305907
 1311258
 1316674
 1322146
 1327667
 1333231
 1338830
 1344458
 1350108
 1355775
 1361454
 1367138
 1372823
 1378503
 1384173
 1389830
 1395469
 1401084
 1406674
 1412233
 1417760
 1423250
 1428702
 1434111
 1439475
 1444792
 1450060
 1455276
 1460439
 1465547
 1470598
 1475591
 1480524
 1485397
 1490208
 1494955
 1499638
 1504256
 1508810
 1513298
 1517719
 1522074
