 8.102408E-10
 3566.021
 3.404942
 38408.94
 15352.51
 357335.4
 620349.9
 4191086
 1.250567E+07
 5.816868E+07
 2.098786E+08
 8.681192E+08
 3.297999E+09
 1.157977E+10
 8.28393E+09
 3.082997E+09
 6.256232E+09
 3.549401E+09
 3.705715E+09
 3.759381E+09
 3.827466E+09
 3.431176E+09
 3.41198E+09
 3.293485E+09
 3.042387E+09
 3.026653E+09
 2.695363E+09
 2.782482E+09
 2.43943E+09
 2.558397E+09
 2.25154E+09
 2.357874E+09
 2.100749E+09
 2.178474E+09
 1.971714E+09
 2.025144E+09
 1.863167E+09
 1.900186E+09
 1.756611E+09
 1.811081E+09
 1.664329E+09
 1.740458E+09
 1.584461E+09
 1.723212E+09
 1.524489E+09
 1.728731E+09
 1.477004E+09
 1.737223E+09
 1.432471E+09
 1.758807E+09
 1.379218E+09
 1.821838E+09
 1.270848E+09
 1.719715E+09
 1.048795E+09
 1.143062E+09
 8.090646E+08
 9.996366E+08
 4.45249E+08
 7.242276E+08
 4.166517E+08
 5.765123E+08
 3.771003E+08
 5.008287E+08
 3.32138E+08
 4.33004E+08
 2.865102E+08
 3.592738E+08
 2.591338E+08
 3.041785E+08
 2.35046E+08
 2.458104E+08
 2.138659E+08
 1.780195E+08
 1.78698E+08
 1.431766E+08
 1.503303E+08
 1.287181E+08
 1.322473E+08
 1.221573E+08
 1.224032E+08
 1.197824E+08
 1.185721E+08
 1.19871E+08
 1.184553E+08
 1.284372E+08
 1.234492E+08
 1.495793E+08
 1.393774E+08
 1.878912E+08
 1.606201E+08
 2.16901E+08
 1.672697E+08
 1.969301E+08
 1.299984E+08
 1.389209E+08
 1.07401E+08
 1.165375E+08
 9.927284E+07
 1.0695E+08
 9.510094E+07
 1.024902E+08
 9.257621E+07
 1.004552E+08
 9.150398E+07
 1.008487E+08
 9.256746E+07
 1.052507E+08
 9.823979E+07
 1.176349E+08
 1.14499E+08
 1.481457E+08
 1.571896E+08
 2.150027E+08
 2.39518E+08
 2.746104E+08
 1.634975E+08
 9.807949E+07
 8.368485E+07
 6.533902E+07
 6.653218E+07
 6.087836E+07
 5.9197E+07
 5.970374E+07
 5.574517E+07
 5.933756E+07
 5.418991E+07
 6.004432E+07
 5.419808E+07
 6.264943E+07
 5.623528E+07
 6.89736E+07
 6.305709E+07
 8.257107E+07
 8.060102E+07
 1.117347E+08
 1.277461E+08
 1.793187E+08
 2.344716E+08
