 8.102408E-10
 1.77677E-05
 0.001189324
 0.01580124
 0.1009953
 0.4195969
 1.303885
 3.277757
 7.007843
 13.19807
 22.47251
 35.28647
 51.88441
 72.30714
 96.44093
 124.0906
 155.059
 189.214
 226.5294
 267.1016
 311.1364
 358.9206
 410.781
 467.0472
 528.0157
 593.9309
 664.9681
 741.2361
 822.7785
 909.5839
 1001.589
 1098.696
 1200.771
 1307.652
 1419.162
 1535.096
 1655.241
 1779.361
 1907.216
 2038.546
 2173.084
 2310.557
 2450.672
 2593.132
 2737.632
 2883.848
 3031.46
 3180.114
 3329.485
 3479.202
 3628.912
 3778.238
 3926.824
 4074.273
 4220.415
 4364.688
 4506.105
 4644.351
 4778.779
 4909.082
 5035.142
 5156.66
 5273.576
 5385.558
 5492.451
 5594.149
 5690.631
 5781.829
 5867.566
 5947.679
 6022.063
 6090.578
 6153.106
 6209.547
 6259.774
 6303.732
 6341.356
 6372.669
 6397.764
 6416.699
 6429.569
 6436.5
 6437.716
 6433.408
 6423.778
 6409.005
 6389.27
 6364.751
 6335.596
 6301.98
 6264.057
 6221.969
 6175.899
 6126.003
 6072.452
 6015.446
 5955.172
 5891.816
 5825.585
 5756.657
 5685.227
 5611.491
 5535.623
 5457.806
 5378.194
 5296.961
 5214.239
 5130.19
 5044.958
 4958.677
 4871.473
 4783.478
 4694.829
 4605.648
 4516.059
 4426.183
 4336.139
 4246.054
 4156.039
 4066.217
 3976.69
 3887.571
 3798.963
 3710.975
 3623.705
 3537.247
 3451.693
 3367.142
 3283.67
 3201.368
 3120.318
 3040.6
 2962.282
 2885.438
 2810.138
 2736.449
 2664.434
 2594.143
 2525.636
 2458.968
 2394.171
 2331.294
 2270.373
 2211.439
 2154.513
 2099.631
 2046.798
 1996.034
 1947.347
 1900.745
 1856.228
 1813.789
 1773.427
 1735.138
 1698.903
 1664.71
 1632.539
 1602.373
 1574.189
 1547.964
 1523.673
 1501.282
 1480.769
 1462.096
 1445.24
 1430.16
 1416.825
 1405.201
 1395.251
 1386.939
 1380.224
 1375.077
 1371.45
 1369.31
 1368.613
 1369.322
 1371.395
 1374.786
 1379.455
 1385.357
 1392.447
 1400.676
 1410
 1420.366
 1431.725
 1444.028
 1457.218
 1471.24
 1486.04
 1501.562
 1517.738
 1534.521
 1551.839
 1569.634
 1587.841
 1606.398
 1625.236
 1644.295
 1663.506
 1682.8
 1702.12
 1721.391
 1740.555
 1759.545
 1778.301
 1796.762
 1814.87
 1832.561
 1849.786
 1866.492
 1882.623
 1898.141
 1912.994
 1927.145
 1940.558
 1953.194
 1965.027
 1976.03
 1986.178
 1995.452
 2003.844
 2011.338
 2017.93
 2023.613
 2028.397
 2032.277
 2035.267
 2037.38
 2038.629
 2039.031
 2038.615
 2037.4
 2035.413
 2032.688
 2029.255
 2025.148
 2020.403
 2015.057
 2009.148
 2002.717
 1995.804
 1988.452
 1980.7
 1972.591
 1964.168
 1955.47
 1946.541
 1937.417
 1928.144
 1918.758
 1909.305
 1899.806
 1890.313
 1880.847
 1871.452
 1862.154
 1852.986
 1843.974
 1835.145
 1826.526
 1818.138
 1810.002
 1802.139
 1794.567
 1787.303
 1780.361
 1773.748
 1767.484
 1761.574
 1756.028
 1750.85
 1746.047
 1741.619
 1737.569
 1733.898
 1730.603
 1727.682
 1725.134
 1722.949
 1721.128
 1719.656
 1718.53
 1717.739
 1717.275
 1717.129
 1717.282
 1717.73
 1718.454
 1719.444
 1720.683
 1722.161
 1723.859
 1725.764
 1727.86
 1730.131
 1732.562
 1735.135
 1737.838
 1740.654
 1743.564
 1746.556
 1749.614
 1752.723
 1755.867
 1759.032
 1762.205
 1765.374
 1768.523
 1771.643
 1774.719
 1777.742
 1780.7
 1783.585
 1786.385
 1789.094
 1791.702
 1794.206
 1796.595
 1798.867
 1801.016
 1803.038
 1804.932
 1806.691
 1808.318
 1809.812
 1811.17
 1812.393
 1813.486
 1814.444
 1815.274
 1815.98
 1816.56
 1817.021
 1817.37
 1817.61
 1817.746
 1817.784
 1817.73
 1817.591
 1817.373
 1817.084
 1816.728
 1816.314
 1815.848
 1815.341
 1814.797
 1814.223
 1813.629
 1813.021
 1812.406
 1811.792
 1811.184
 1810.59
 1810.018
 1809.472
 1808.958
 1808.485
 1808.054
 1807.674
 1807.347
 1807.082
 1806.882
 1806.748
 1806.686
 1806.701
 1806.793
 1806.965
 1807.222
 1807.563
 1807.991
 1808.509
 1809.116
 1809.815
 1810.601
 1811.482
 1812.451
 1813.51
 1814.658
 1815.897
 1817.222
 1818.633
 1820.126
 1821.703
 1823.36
 1825.094
 1826.903
 1828.784
 1830.735
 1832.753
 1834.836
 1836.977
 1839.176
 1841.432
 1843.737
 1846.09
 1848.489
 1850.931
 1853.408
 1855.922
 1858.466
 1861.04
 1863.641
 1866.264
 1868.909
 1871.571
 1874.247
 1876.935
 1879.632
 1882.339
 1885.049
 1887.764
 1890.481
 1893.196
 1895.912
 1898.622
 1901.332
 1904.036
 1906.733
 1909.423
 1912.107
 1914.783
 1917.453
 1920.115
 1922.769
 1925.417
 1928.057
 1930.692
 1933.323
 1935.949
 1938.571
 1941.192
 1943.813
 1946.433
 1949.057
 1951.683
 1954.316
 1956.956
 1959.604
 1962.263
 1964.935
 1967.621
 1970.325
 1973.045
 1975.787
 1978.554
 1981.344
 1984.161
 1987.007
 1989.885
 1992.796
 1995.744
 1998.728
 2001.749
 2004.814
 2007.918
 2011.072
 2014.271
 2017.516
 2020.814
 2024.162
 2027.567
 2031.023
 2034.538
 2038.106
 2041.735
 2045.422
 2049.172
 2052.986
 2056.86
 2060.799
 2064.805
 2068.876
 2073.014
 2077.218
 2081.491
 2085.83
 2090.238
 2094.716
 2099.265
 2103.879
 2108.568
 2113.321
 2118.147
 2123.042
 2128.009
 2133.043
 2138.145
 2143.324
 2148.569
 2153.885
 2159.271
 2164.725
 2170.247
 2175.84
 2181.5
 2187.232
 2193.031
 2198.892
 2204.824
 2210.823
 2216.888
 2223.019
 2229.214
 2235.476
 2241.803
 2248.192
 2254.648
 2261.165
 2267.748
 2274.39
 2281.096
 2287.86
 2294.686
 2301.576
 2308.521
 2315.53
 2322.593
 2329.717
 2336.897
 2344.135
 2351.427
 2358.774
 2366.174
 2373.627
 2381.137
 2388.693
 2396.305
 2403.964
 2411.673
 2419.431
 2427.236
 2435.085
 2442.978
 2450.918
 2458.898
 2466.92
 2474.979
 2483.08
 2491.218
 2499.394
 2507.6
 2515.838
 2524.112
 2532.412
 2540.744
 2549.101
 2557.481
 2565.884
 2574.31
 2582.755
 2591.213
 2599.691
 2608.179
 2616.677
 2625.185
 2633.704
 2642.22
 2650.742
 2659.262
 2667.779
 2676.286
 2684.785
 2693.273
 2701.743
 2710.198
 2718.631
 2727.035
 2735.417
 2743.766
 2752.083
 2760.362
 2768.596
 2776.79
 2784.935
 2793.029
 2801.066
 2809.047
 2816.964
 2824.818
 2832.596
 2840.309
 2847.942
 2855.497
 2862.967
 2870.354
 2877.652
 2884.855
 2891.965
 2898.977
 2905.885
 2912.69
 2919.392
 2925.981
 2932.462
 2938.828
 2945.081
 2951.214
 2957.23
 2963.123
 2968.894
 2974.545
 2980.069
 2985.468
 2990.744
 2995.891
 3000.913
 3005.805
 3010.574
 3015.212
 3019.725
 3024.109
 3028.366
 3032.5
 3036.505
 3040.385
 3044.146
 3047.781
 3051.299
 3054.696
 3057.98
 3061.139
 3064.186
 3067.121
 3069.943
 3072.65
 3075.257
 3077.755
 3080.15
 3082.445
 3084.642
 3086.738
 3088.736
 3090.646
 3092.462
 3094.189
 3095.83
 3097.386
 3098.862
 3100.252
 3101.568
 3102.803
 3103.964
 3105.056
 3106.073
 3107.02
 3107.898
 3108.713
 3109.458
 3110.145
 3110.769
 3111.332
 3111.837
 3112.282
 3112.673
 3113.006
 3113.281
 3113.509
 3113.683
 3113.802
 3113.873
 3113.892
 3113.861
 3113.776
 3113.648
 3113.466
 3113.238
 3112.964
 3112.643
 3112.272
 3111.855
 3111.392
 3110.877
 3110.325
 3109.72
 3109.068
 3108.369
 3107.628
 3106.839
 3106.002
 3105.12
 3104.192
 3103.216
 3102.19
 3101.121
 3100.004
 3098.842
 3097.631
 3096.382
 3095.082
 3093.739
 3092.345
 3090.911
 3089.429
 3087.909
 3086.343
 3084.729
 3083.079
 3081.382
 3079.65
 3077.871
 3076.056
 3074.202
 3072.308
 3070.377
 3068.41
 3066.41
 3064.375
 3062.305
 3060.207
 3058.075
 3055.912
 3053.724
 3051.511
 3049.269
 3047.006
 3044.719
 3042.416
 3040.09
 3037.746
 3035.389
 3033.016
 3030.63
 3028.236
 3025.826
 3023.412
 3020.989
 3018.559
 3016.127
 3013.69
 3011.253
 3008.815
 3006.378
 3003.94
 3001.508
 2999.082
 2996.657
 2994.241
 2991.834
 2989.433
 2987.042
 2984.661
 2982.291
 2979.93
 2977.578
 2975.244
 2972.916
 2970.603
 2968.301
 2966.013
 2963.738
 2961.474
 2959.223
 2956.988
 2954.756
 2952.541
 2950.336
 2948.143
 2945.957
 2943.781
 2941.617
 2939.46
 2937.312
 2935.172
 2933.04
 2930.913
 2928.793
 2926.676
 2924.565
 2922.455
 2920.354
 2918.253
 2916.158
 2914.064
 2911.976
 2909.885
 2907.801
 2905.719
 2903.634
 2901.557
 2899.475
 2897.398
 2895.325
 2893.251
 2891.18
 2889.116
 2887.056
 2884.999
 2882.948
 2880.897
 2878.856
 2876.82
 2874.787
 2872.763
 2870.749
 2868.742
 2866.741
 2864.75
 2862.766
 2860.796
 2858.832
 2856.879
 2854.943
 2853.019
 2851.101
 2849.195
 2847.307
 2845.432
 2843.567
 2841.718
 2839.88
 2838.059
 2836.251
 2834.458
 2832.678
 2830.914
 2829.161
 2827.419
 2825.692
 2823.982
 2822.277
 2820.585
 2818.905
 2817.232
 2815.576
 2813.928
 2812.288
 2810.653
 2809.034
 2807.411
 2805.802
 2804.197
 2802.592
 2800.995
 2799.396
 2797.8
 2796.203
 2794.604
 2793.007
 2791.402
 2789.791
 2788.176
 2786.555
 2784.921
 2783.282
 2781.628
 2779.96
 2778.28
 2776.587
 2774.875
 2773.148
 2771.402
 2769.637
 2767.851
 2766.047
 2764.219
 2762.371
 2760.496
 2758.602
 2756.683
 2754.741
 2752.774
 2750.781
 2748.764
 2746.722
 2744.655
 2742.568
 2740.454
 2738.319
 2736.159
 2733.977
 2731.775
 2729.549
 2727.306
 2725.039
 2722.756
 2720.455
 2718.13
 2715.795
 2713.447
 2711.08
 2708.697
 2706.303
 2703.901
 2701.486
 2699.059
 2696.625
 2694.184
 2691.737
 2689.282
 2686.821
 2684.356
 2681.889
 2679.418
 2676.945
 2674.47
 2671.999
 2669.521
 2667.052
 2664.581
 2662.109
 2659.646
 2657.182
 2654.726
 2652.267
 2649.818
 2647.37
 2644.932
 2642.495
 2640.064
 2637.635
 2635.215
 2632.797
 2630.385
 2627.978
 2625.573
 2623.18
 2620.785
 2618.399
 2616.015
 2613.633
 2611.256
 2608.881
 2606.508
 2604.138
 2601.767
 2599.399
 2597.036
 2594.674
 2592.308
 2589.941
 2587.574
 2585.203
 2582.833
 2580.459
 2578.081
 2575.703
 2573.315
 2570.923
 2568.529
 2566.126
 2563.719
 2561.303
 2558.881
 2556.451
 2554.016
 2551.568
 2549.111
 2546.646
 2544.169
 2541.685
 2539.187
 2536.679
 2534.163
 2531.632
 2529.089
 2526.536
 2523.974
 2521.395
 2518.808
 2516.205
 2513.591
 2510.967
 2508.326
 2505.676
 2503.012
 2500.337
 2497.65
 2494.948
 2492.239
 2489.515
 2486.781
 2484.034
 2481.277
 2478.509
 2475.73
 2472.942
 2470.142
 2467.336
 2464.517
 2461.692
 2458.859
 2456.017
 2453.164
 2450.305
 2447.442
 2444.57
 2441.694
 2438.809
 2435.923
 2433.026
 2430.129
 2427.227
 2424.319
 2421.407
 2418.497
 2415.579
 2412.66
 2409.74
 2406.82
 2403.897
 2400.972
 2398.049
 2395.125
 2392.202
 2389.279
 2386.357
 2383.438
 2380.521
 2377.603
 2374.687
 2371.779
 2368.867
 2365.963
 2363.058
 2360.159
 2357.264
 2354.372
 2351.484
 2348.6
 2345.722
 2342.847
 2339.977
 2337.11
 2334.25
 2331.396
 2328.548
 2325.7
 2322.86
 2320.026
 2317.195
 2314.368
 2311.552
 2308.739
 2305.929
 2303.123
 2300.327
 2297.533
 2294.749
 2291.965
 2289.188
 2286.417
 2283.651
 2280.89
 2278.137
 2275.388
 2272.642
 2269.9
 2267.166
 2264.435
 2261.711
 2258.99
 2256.276
 2253.565
 2250.859
 2248.159
 2245.462
 2242.772
 2240.084
 2237.403
 2234.726
 2232.054
 2229.384
 2226.719
