 8.102397E-09
 0.2640044
 0.4751465
 2.458509
 3.634934
 32.08655
 100.2994
 95.49369
 321635.5
 115762.5
 1853085
 1.267022E+07
 5.384577E+07
 1778941
 4869237
 123790.7
 2.082158E+07
 610785.8
 3.932224E+08
 5339205
 1.911371E+07
 4967291
 6979187
 5114330
 5782015
 3759199
 4720264
 4146685
 8877314
 3325887
 8731383
 2506254
 7904111
 1.29494E+07
 6.635766E+08
 7131988
 8957553
 7265867
 8319708
 1.09661E+07
 7989019
 4851350
 1.511172E+07
 3695410
 4710725
 3143399
 2.121297E+07
 2553764
 2.329716E+07
 2641830
 3663739
 2689067
 5617026
 2388690
 5295554
 5.592408E+08
 3282301
 4.406978E+07
 3208190
 9.293477E+09
 6.98614E+07
 6.716082E+07
 6.894294E+07
 6.92365E+07
 7.21263E+07
 7.431097E+07
 7.708496E+07
 8.093506E+07
 8.835414E+07
 8.740673E+07
 9.123354E+07
 9.533034E+07
 9.977734E+07
 1.045705E+08
 1.098358E+08
 1.154953E+08
 1.216883E+08
 1.282941E+08
 1.355466E+08
 1.432828E+08
 1.517573E+08
 1.618418E+08
 1.711258E+08
 1.817429E+08
 1.934915E+08
 2.060583E+08
 2.198736E+08
 2.347927E+08
 2.5114E+08
 2.688729E+08
 2.882617E+08
 3.092589E+08
 3.322849E+08
 3.572601E+08
 3.8462E+08
 4.144124E+08
 4.470412E+08
 4.84739E+08
 5.226204E+08
 5.654543E+08
 6.127914E+08
 6.64158E+08
 7.206653E+08
 7.82769E+08
 8.509113E+08
 9.255245E+08
 1.007783E+09
 1.098027E+09
 1.269781E+09
 1.313033E+09
 1.434518E+09
 1.56813E+09
 1.715348E+09
 1.877528E+09
 2.056686E+09
 2.254177E+09
 2.472226E+09
 2.712621E+09
 2.978423E+09
 3.271651E+09
 3.595976E+09
 3.954246E+09
 4.351153E+09
 4.788968E+09
 5.273543E+09
 5.809348E+09
 6.402388E+09
 7.058006E+09
 7.784157E+09
 8.587403E+09
 9.477452E+09
 1.046229E+10
 1.155393E+10
 1.276298E+10
 1.410313E+10
 1.558675E+10
 1.723288E+10
 1.905388E+10
 2.107416E+10
 2.331274E+10
 2.57954E+10
 2.854714E+10
 3.159941E+10
 3.498314E+10
 3.873717E+10
 4.289975E+10
 4.751824E+10
 5.264018E+10
 5.832384E+10
 6.462849E+10
 7.162533E+10
 7.938748E+10
 8.800262E+10
 9.756162E+10
 1.081721E+11
 1.199465E+11
 1.33017E+11
 1.475222E+11
 1.636257E+11
 1.814995E+11
 2.01344E+11
 2.233712E+11
 2.478294E+11
 2.749792E+11
 3.051268E+11
 3.385962E+11
 3.757619E+11
 4.170248E+11
 4.628456E+11
 5.137209E+11
 5.702188E+11
 6.329543E+11
 7.026274E+11
 7.799915E+11
 8.659155E+11
 9.613313E+11
 1.067301E+12
 1.184986E+12
 1.315692E+12
 1.460852E+12
 1.622084E+12
 1.801139E+12
 2.000019E+12
 2.220902E+12
 2.466247E+12
 2.738747E+12
 3.04141E+12
 3.377584E+12
 3.750996E+12
