 8.102397E-09
 0.04488743
 0.1971376
 0.5337177
 0.9455987
 1.568115
 2.164997
 3.141111
 3.888937
 5.33078
 6.142101
 8.170357
 8.893154
 11.64469
 12.07427
 15.69799
 15.61317
 20.24832
 19.44867
 25.18589
 23.51297
 30.35948
 27.71403
 35.59404
 31.9394
 40.71461
 36.08194
 45.58412
 40.06881
 50.12524
 43.87733
 54.3267
 47.53971
 58.23808
 51.13112
 61.94009
 54.74449
 65.52776
 58.4829
 69.09527
 62.44698
 72.73942
 66.73212
 76.55032
 71.41808
 80.62331
 76.56477
 85.04487
 82.17376
 89.87413
 88.17722
 95.09744
 94.43031
 100.6088
 100.7339
 106.227
 106.8934
 111.7559
 112.7513
 117.0397
 118.1941
 121.968
 123.1609
 126.4719
 127.6213
 130.5308
 131.591
 134.1483
 135.0979
 137.3607
 138.1847
 140.1904
 140.9125
 142.7329
 143.3293
 144.9415
 145.5125
 147.1419
 147.5936
 149.0622
 149.7774
 152.1503
 152.8336
 154.6533
 155.9324
 159.7544
 160.4931
 162.4405
 163.9244
 169.3343
 169.592
 173.076
 174.5574
 185.3543
 183.8881
 192.7646
 193.9692
 231.248
 217.8976
 248.1112
 242.6426
 822.2674
 281.1782
 352.7227
 285.1641
 1277542
 26862.3
 2679262
 99956.14
 7242983
 64340.77
 3549018
 50806.81
 2642786
 40421.23
 3.181047E+07
 590918
 2.066827E+08
 671220.3
 2754625
 6798955
 3801876
 6073504
 1.305224E+07
 6040232
 455129.4
 1881238
 4147663
 1.771922E+07
 292714.1
 6.621836E+07
 82439.34
 1302333
 37976.88
 3273515
 52445.12
 4229585
 47669.11
 2612796
 66432.7
 1.328015E+07
 164211.3
 6650073
 28460.81
 1156101
 43600.25
 5959584
 2118426
 6.240173E+08
 7986800
 3169181
 1.168923E+07
 1266179
 3201004
 3358731
 3.913947E+07
 208544.5
 3777017
 57557.41
 2.210856E+07
 213060.5
 4.088071E+07
 57578.64
 2029248
 39321.65
 1774750
 60217.99
 4067272
 54516
 3042361
 26207.76
 3150177
 53861.52
 1.542618E+09
 2.343486E+07
 3.449394E+11
 1.670526E+09
 7.613465E+08
 3.848171E+08
 2.018903E+08
 1.086681E+08
 5.788994E+07
 3.135015E+07
 1.679404E+07
 9092063
 4681181
 2542203
 1217547
 745106.1
 319283.4
 2315468
 147762.7
 6846599
 297504.9
 4.066844E+07
 630151.5
 1.992982E+08
 146937.4
 6573630
 89979.11
 7387962
 168071.3
 2.463994E+07
 345212.4
 2.473269E+08
 1.094181E+07
 5541666
 3082514
 1304684
 4686485
 358980.9
 2396243
 6647825
 1196468
 6593031
 573181.1
 1.043796E+07
 68765.73
 6.353819E+07
 212134.8
 2.115199E+08
 408044.2
 2.323862E+08
 2103083
 1.640807E+07
 490464.7
 1363146
 1.340915E+08
 358836.2
 1.14718E+07
 544999.6
 9412099
 41613.11
 4181108
 38416.32
 395943.1
 3004231
 3182164
 2.568466E+08
 4762715
 977151.2
 1622112
 7665266
 1251509
 5793630
 2072794
 2.201246E+07
 323429.5
 9687795
 244760.4
 4056150
 66148.07
 1107374
 271987.3
 351725.6
 1922486
 3193410
 1740361
 866884.3
 2.853666E+08
 2301848
 1.691265E+07
 2591893
 4.384876E+07
 673346
 3256124
 153766.3
 6535723
 89797.82
 5.110238E+07
 814649.9
 1.729873E+07
 378877.8
 1.357049E+07
 88265.32
 1.621818E+07
 235900
 8.338474E+07
 235166.6
 1.869378E+07
 490064.8
 1.898591E+07
 329837.6
 1.883053E+09
 9866194
 1.323864E+07
 2301772
 5835156
 1531650
 1003096
 5669556
 181825.3
 5.26495E+07
 845742.3
 5943520
 198436
 9474625
 191036.3
 1.155938E+07
 60765.33
 9.879402E+09
 8.080281E+07
 4.09765E+07
 2.069648E+07
 1.003651E+07
 6369814
 1882914
 1306949
 476051
 9124670
 301836.1
 4.644987E+09
 1.27605E+07
 5679233
 2653997
 5119167
 766598.1
 1.712153E+08
 258284.2
 1.891631E+07
 168364.5
 2.755874E+07
 130854.5
 4806417
 77909.85
 3326024
 109711.7
 2.835045E+07
 417793.8
 1.734822E+08
 398047.4
 7890926
 38810.04
 1.182936E+07
 50351.2
 1.184473E+09
 9386915
 3771117
 1142259
 6685945
 166160.3
 4755709
 8669173
 2.849156E+07
 500834.4
 5752027
 219366.1
 6567381
 1759302
 1.770138E+07
 84994.83
 4189712
 77131.04
 1.854201E+07
 187638.9
 5.205871E+07
 388295.1
 1.061247E+07
 89931.63
 7.247503E+07
 799150.2
 2.280051E+10
 6.820685E+07
 3.368888E+07
 1.604302E+07
 8018351
 2.975324E+07
 1925815
 4016103
 459399.9
 4557027
 170690.1
 1.099197E+07
 343988.9
 2.343875E+09
 3.102287E+07
 1.676341E+07
 8258140
 5117607
 1943736
 1011567
 5572481
 2.34183E+07
 4059612
 2767134
 366900.5
 1.20587E+07
 65375.05
 468047.7
 4.0816E+07
 1.569425E+07
 394748.4
 3063031
 2544479
 3267270
 1665037
 8028309
 2.587909E+07
 5166858
 404081.7
 1.38791E+07
 82308.55
 5070842
 53991.39
 2.099839E+07
 100726.2
 3.120065E+09
 3.268733E+07
 1.109986E+07
 3763852
 1.479129E+07
 576997.8
 1.23965E+07
 234877.9
 4.881521E+07
 132713
 2486916
 1.157645E+07
 1.813393E+07
 120777.7
 1.463093E+07
 180591.5
 4565390
 34147.38
 1.016459E+08
 1102940
 1.197818E+07
