 8.102397E-09
 0.0001759715
 0.001762018
 0.007338341
 0.0200995
 0.04305245
 0.07796831
 0.1254099
 0.184866
 0.2553091
 0.335691
 0.4250948
 0.5229769
 0.6290365
 0.7432287
 0.8656209
 0.9964502
 1.135943
 1.284298
 1.441769
 1.608563
 1.784792
 1.970819
 2.166417
 2.371777
 2.586962
 2.811999
 3.047007
 3.291878
 3.546734
 3.811518
 4.086257
 4.370966
 4.665514
 4.969923
 5.284044
 5.607833
 5.941258
 6.284156
 6.636286
 6.997527
 7.367535
 7.746301
 8.133399
 8.528564
 8.931545
 9.342039
 9.759735
 10.18425
 10.61537
 11.05249
 11.4954
 11.94392
 12.39755
 12.85569
 13.31841
 13.78538
 14.25619
 14.73058
 15.20817
 15.68876
 16.17216
 16.65789
 17.14584
 17.63585
 18.12749
 18.62068
 19.11507
 19.61057
 20.10707
 20.60429
 21.10222
 21.60058
 22.0991
 22.59784
 23.09669
 23.59529
 24.09371
 24.59183
 25.08938
 25.5865
 26.083
 26.579
 27.07428
 27.56869
 28.06227
 28.55492
 29.04648
 29.53715
 30.0267
 30.51517
 31.0026
 31.48876
 31.97367
 32.45734
 32.93964
 33.42087
 33.90068
 34.37917
 34.85594
 35.33163
 35.80606
 36.27922
 36.75106
 37.2214
 37.69059
 38.15828
 38.625
 39.09006
 39.55422
 40.01691
 40.47807
 40.93824
 41.39692
 41.85431
 42.31057
 42.76574
 43.21952
 43.67194
 44.12329
 44.57334
 45.02213
 45.46983
 45.91635
 46.36192
 46.80645
 47.24989
 47.69208
 48.13309
 48.57311
 49.01225
 49.45012
 49.88707
 50.32292
 50.75771
 51.19164
 51.62464
 52.05658
 52.48779
 52.91804
 53.34739
 53.77588
 54.20334
 54.63002
 55.05581
 55.48085
 55.90496
 56.32841
 56.75114
 57.17311
 57.59427
 58.01451
 58.43415
 58.85305
 59.27123
 59.68888
 60.10549
 60.52152
 60.93698
 61.35176
 61.76608
 62.17951
 62.59277
 63.00515
 63.41669
 63.828
 64.23886
 64.64891
 65.05847
 65.46738
 65.8754
 66.28305
 66.69016
 67.09682
 67.50302
 67.90893
 68.31435
 68.71925
 69.12377
 69.52757
 69.93109
 70.33415
 70.7369
 71.13938
 71.54137
 71.94273
 72.3438
 72.74454
 73.14506
 73.54498
 73.9444
 74.34371
 74.74245
 75.14072
 75.539
 75.93663
 76.33375
 76.73074
 77.12759
 77.52421
 77.92029
 78.31636
 78.71185
 79.1067
 79.50133
 79.89584
 80.29021
 80.68406
 81.07761
 81.47096
 81.86399
 82.25686
 82.64948
 83.04182
 83.43367
 83.82537
 84.21683
 84.60811
 84.99886
 85.38973
 85.77997
 86.17027
 86.5601
 86.94974
 87.33912
 87.72867
 88.11757
 88.50632
 88.89506
 89.28352
 89.6716
 90.05946
 90.44719
 90.8347
 91.22221
 91.60969
 91.99677
 92.38343
 92.76958
 93.15598
 93.54198
 93.92777
 94.31346
 94.699
 95.08424
 95.46922
 95.8541
 96.23872
 96.62342
 97.00797
 97.39194
 97.77571
 98.15951
 98.54321
 98.92673
 99.31003
 99.69341
 100.076
 100.4592
 100.8416
 101.224
 101.6061
 101.9883
 102.37
 102.7517
 103.133
 103.5144
 103.8956
 104.2765
 104.6574
 105.0381
 105.4182
 105.7983
 106.178
 106.5577
 106.937
 107.3161
 107.6952
 108.0742
 108.453
 108.8316
 109.21
 109.5878
 109.9657
 110.3434
 110.7205
 111.0974
 111.4745
 111.8511
 112.2274
 112.6033
 112.9789
 113.3543
 113.7296
 114.1047
 114.4797
 114.8538
 115.2277
 115.6016
 115.9748
 116.3477
 116.7204
 117.0926
 117.4644
 117.8357
 118.2066
 118.5772
 118.9475
 119.3173
 119.6865
 120.0548
 120.4228
 120.7903
 121.1576
 121.5246
 121.8908
 122.2565
 122.6214
 122.9858
 123.3497
 123.713
 124.0758
 124.4375
 124.7989
 125.1598
 125.52
 125.8793
 126.238
 126.5957
 126.9527
 127.3088
 127.6644
 128.0194
 128.3729
 128.7255
 129.0773
 129.4286
 129.7785
 130.128
 130.4756
 130.8229
 131.1692
 131.5144
 131.858
 132.2007
 132.5419
 132.8822
 133.2213
 133.5594
 133.8959
 134.2314
 134.5656
 134.8982
 135.2298
 135.5596
 135.8882
 136.2153
 136.541
 136.8651
 137.1871
 137.508
 137.827
 138.1446
 138.4604
 138.7744
 139.0868
 139.3972
 139.7063
 140.0129
 140.3181
 140.6213
 140.9222
 141.221
 141.5178
 141.8131
 142.1062
 142.3969
 142.685
 142.9709
 143.2548
 143.536
 143.8152
 144.0921
 144.3664
 144.6379
 144.9075
 145.1752
 145.4397
 145.7018
 145.9608
 146.2175
 146.4716
 146.7232
 146.9719
 147.2177
 147.4613
 147.7019
 147.9398
 148.1749
 148.4072
 148.6359
 148.8613
 149.0844
 149.3052
 149.5217
 149.7364
 149.947
 150.1546
 150.3587
 150.5599
 150.7583
 150.9535
 151.1454
 151.3335
 151.5184
 151.7005
 151.8788
 152.0542
 152.2259
 152.3941
 152.5591
 152.7198
 152.8781
 153.0329
 153.183
 153.3306
 153.4744
 153.6149
 153.7521
 153.8853
 154.0141
 154.1399
 154.2619
 154.3804
 154.4951
 154.6062
 154.714
 154.818
 154.9183
 155.015
 155.1081
 155.1972
 155.2835
 155.3658
 155.4441
 155.5189
 155.5902
 155.6576
 155.722
 155.7822
 155.8393
 155.892
 155.9417
 155.988
 156.0303
 156.0688
 156.1039
 156.1359
 156.1639
 156.1881
 156.2092
 156.2265
 156.2397
 156.2496
 156.256
 156.2595
 156.2596
 156.2562
 156.2492
 156.2387
 156.2249
 156.2078
 156.1879
 156.1639
 156.1374
 156.1075
 156.0738
 156.0371
 155.9974
 155.954
 155.9077
 155.8576
 155.8058
 155.7499
 155.6917
 155.6296
 155.5644
 155.4972
 155.4268
 155.3533
 155.2764
 155.197
 155.1153
 155.03
 154.9423
 154.8519
 154.7584
 154.6629
 154.5644
 154.4633
 154.3594
 154.2535
 154.1446
 154.0332
 153.9169
 153.7991
 153.6791
 153.5551
 153.4274
 153.2966
 153.161
 153.0217
 152.8806
 152.7371
 152.5921
 152.4466
 152.3004
 152.1555
 152.0126
 151.8698
 151.7255
 151.5781
 151.4272
 151.2749
 151.1199
 150.9635
 150.8052
 150.6447
 150.4825
 150.3177
 150.1514
 149.9827
 149.8124
 149.6406
 149.4661
 149.2902
 149.1127
 148.9339
 148.7536
 148.5713
 148.3875
 148.2021
 148.0153
 147.8272
 147.6371
 147.4459
 147.2536
 147.06
 146.8654
 146.6692
 146.4708
 146.272
 146.0714
 145.8697
 145.6675
 145.4636
 145.2584
 145.0523
 144.8453
 144.636
 144.4271
 144.2171
 144.0049
 143.7923
 143.5794
 143.3656
 143.1505
 142.9344
 142.7174
 142.5004
 142.2814
 142.0621
 141.8419
 141.6208
 141.399
 141.1764
 140.9532
 140.7294
 140.5052
 140.2803
 140.0544
 139.8277
 139.6005
 139.3724
 139.1439
 138.9152
 138.686
 138.4561
 138.2256
 137.9951
 137.7639
 137.5323
 137.3004
 137.0682
 136.8352
 136.6013
 136.3673
 136.1334
 135.8994
 135.6643
 135.4292
 135.194
 134.9585
 134.7228
 134.4867
 134.2499
 134.0133
 133.7763
 133.5395
 133.3019
 133.0646
 132.8275
 132.5892
 132.3518
 132.1137
 131.8753
 131.6369
 131.3992
 131.1609
 130.9224
 130.6841
 130.4453
 130.2066
 129.9681
 129.7296
 129.4916
 129.2524
 129.0141
 128.7758
 128.5376
 128.2995
 128.0612
 127.8224
 127.584
 127.3462
 127.1085
 126.8707
 126.6322
 126.3946
 126.1574
 125.9207
 125.6833
 125.4462
 125.2098
 124.9731
 124.7364
 124.4998
 124.2639
 124.0286
 123.7932
 123.5579
 123.3226
 123.088
 122.8533
 122.6189
 122.3849
 122.1513
 121.9177
 121.6845
 121.4519
 121.2192
 120.987
 120.7548
 120.5227
 120.2912
 120.0603
 119.8298
 119.5996
 119.3699
 119.1397
 118.9105
 118.682
 118.4539
 118.2258
 117.9979
 117.7709
 117.544
 117.3176
 117.0912
 116.8659
 116.641
 116.4161
 116.1915
 115.9673
 115.744
 115.521
 115.2981
 115.0758
 114.854
 114.6328
 114.412
 114.1924
 113.9726
 113.7534
 113.5347
 113.3165
 113.0991
 112.882
 112.6651
 112.4496
 112.2334
 112.0179
 111.8036
 111.5893
 111.3755
 111.1624
 110.9498
 110.7377
 110.5263
 110.3155
 110.1054
 109.8952
 109.686
 109.4771
 109.2685
 109.0609
 108.8537
 108.6471
 108.4412
 108.2358
 108.0306
 107.8264
 107.6219
 107.4189
 107.2164
 107.014
 106.8127
 106.6118
 106.4113
 106.2117
 106.0126
 105.8141
 105.6158
 105.4184
 105.2217
 105.0253
 104.8293
 104.6338
 104.4397
 104.2457
 104.0522
 103.8589
 103.6671
 103.4756
 103.2848
 103.0947
 102.9043
 102.7156
 102.5271
 102.3394
 102.1523
 101.9659
 101.7798
 101.5943
 101.4093
 101.2252
 101.0417
 100.8583
 100.6762
 100.4944
 100.3131
 100.1327
 99.95277
 99.7728
 99.59407
 99.41587
 99.23838
 99.06158
 98.88509
 98.70921
 98.53407
 98.35954
 98.18548
 98.01232
 97.83984
 97.66805
 97.49676
 97.32579
 97.15622
 96.9868
 96.81821
 96.64996
 96.48209
 96.3153
 96.14902
 95.98359
 95.818
 95.65331
 95.48914
 95.32545
 95.16283
 95.00063
 94.83907
 94.67812
 94.51768
 94.35786
 94.19844
 94.04031
 93.88253
 93.7254
 93.56848
 93.41267
 93.25713
 93.10224
 92.94805
 92.79433
 92.6416
 92.48932
 92.3378
 92.18699
 92.03644
 91.88643
 91.73702
 91.58806
 91.43981
 91.2923
 91.14539
 90.99873
 90.85281
 90.70722
 90.56251
 90.41803
 90.27457
 90.13115
 89.98869
 89.8467
 89.70559
 89.56477
 89.42467
 89.28536
 89.14617
 89.00759
 88.86997
 88.7327
 88.59607
 88.45979
 88.32417
 88.18871
 88.05442
 87.92069
 87.78748
 87.65498
 87.52306
 87.39145
 87.26044
 87.12988
 87.00021
 86.87111
 86.74224
 86.61383
 86.4861
 86.35918
 86.23235
 86.10627
 85.9809
 85.85576
 85.73115
 85.60735
 85.48401
 85.36124
 85.2392
 85.11726
 84.99614
 84.87554
 84.75546
 84.63567
 84.51671
 84.39809
 84.28013
 84.16241
 84.04568
 83.92926
 83.81367
 83.69813
 83.58327
 83.46902
 83.35532
 83.242
 83.12915
 83.01727
 82.90552
 82.79425
 82.68336
 82.57329
 82.46397
 82.35452
 82.24566
 82.13744
 82.02956
 81.9218
 81.81519
 81.70878
 81.60287
 81.49744
 81.39268
 81.28811
 81.18443
 81.08132
 80.97836
 80.87588
 80.77371
 80.67203
 80.57095
 80.47075
 80.37048
 80.27084
 80.17159
 80.07272
 79.97466
 79.87698
 79.77975
 79.68291
 79.58659
 79.49084
 79.39537
 79.3004
 79.20577
 79.1119
 79.01835
 78.92551
 78.83302
 78.74084
 78.64915
 78.55801
 78.46722
 78.37718
 78.2876
 78.1983
 78.10943
 78.0209
 77.93292
 77.84515
 77.75791
 77.67099
 77.58491
 77.49883
 77.41376
 77.32861
 77.24403
 77.16005
 77.07617
 76.99324
 76.91068
 76.82835
 76.74655
 76.66524
 76.58425
 76.50413
 76.4242
 76.34489
 76.2659
 76.18724
 76.10891
 76.0312
 75.95365
 75.8766
 75.80006
 75.72413
 75.64851
 75.5734
 75.49839
 75.4242
 75.34985
 75.27632
 75.20306
 75.13016
 75.05765
 74.98582
 74.91409
 74.84274
 74.7718
 74.70113
 74.63116
 74.56171
 74.49251
 74.42377
 74.35539
 74.2874
 74.21962
 74.15226
 74.08533
 74.01887
 73.95282
 73.88698
 73.82185
 73.7566
 73.69198
 73.62801
 73.56409
 73.50031
 73.43696
 73.37382
 73.31142
 73.24936
 73.18769
 73.12621
 73.06493
 73.00416
 72.94376
 72.88342
 72.82352
 72.76404
 72.70485
 72.64576
 72.58746
 72.52903
 72.4712
 72.41341
 72.35579
 72.29861
 72.24145
 72.18495
 72.12824
 72.07211
 72.01611
 71.96021
 71.90505
 71.8503
 71.79572
 71.74119
 71.68687
 71.63269
 71.57883
 71.52521
 71.47203
 71.41896
 71.36626
 71.31374
 71.26157
 71.20988
 71.15784
 71.10683
 71.05576
 71.00469
 70.95393
 70.90369
 70.85395
 70.80428
 70.75453
 70.70539
 70.65646
 70.60765
 70.55938
 70.51111
 70.46327
 70.41553
 70.36835
 70.3211
 70.27382
 70.22709
 70.18095
 70.13486
 70.08881
