 8.102397E-09
 1.108251
 9.863336
 17.4812
 940.4276
 103199
 65363.68
 117878.2
 4.06571E+07
 1740875
 1.409237E+08
 5225173
 2.001471E+08
 2.986277E+07
 7.012227E+07
 1.075476E+08
 2.078601E+08
 4.054782E+08
 7.966544E+08
 1.571643E+09
 3.113689E+09
 6.183811E+09
 1.230939E+10
 2.453431E+10
 4.895709E+10
 9.775392E+10
 1.953045E+11
 3.903239E+11
 7.803117E+11
 1.560211E+12
 3.120049E+12
 6.239817E+12
 1.248005E+13
 2.496201E+13
 4.992946E+13
 9.987188E+13
 1.997728E+14
 3.996095E+14
 7.993523E+14
 1.598974E+15
 3.198519E+15
 6.398207E+15
 1.279874E+16
 2.56021E+16
 5.121379E+16
 1.024466E+17
 2.049308E+17
 4.099386E+17
 8.200283E+17
 1.640351E+18
 3.281274E+18
 6.563641E+18
 1.312937E+19
 2.626288E+19
 5.253415E+19
 1.05085E+20
 2.102036E+20
 4.204764E+20
 8.410957E+20
 1.682475E+21
 1.000000E+22
 1.000000E+22
 1.000000E+22
 1.000000E+22
 1.000000E+22
 1.000000E+22
 1.000000E+22
 1.000000E+22
 1.000000E+22
 1.000000E+22
 1.000000E+22
 1.000000E+22
 1.000000E+22
 1.000000E+22
 1.000000E+22
 1.000000E+22
 1.000000E+22
 1.000000E+22
 1.000000E+22
 1.000000E+22
 1.000000E+22
 1.000000E+22
 1.000000E+22
 1.000000E+22
 1.000000E+22
 1.000000E+22
 1.000000E+22
 1.000000E+22
 1.000000E+22
 1.000000E+22
 1.000000E+22
 1.000000E+22
 1.000000E+22
 1.000000E+22
 1.000000E+22
 1.000000E+22
 1.000000E+22
 1.000000E+22
 1.000000E+22
 1.000000E+22
 1.000000E+22
 1.000000E+22
 1.000000E+22
 1.000000E+22
 1.000000E+22
 1.000000E+22
 1.000000E+22
 1.000000E+22
 1.000000E+22
 1.000000E+22
 1.000000E+22
 1.000000E+22
 1.000000E+22
 1.000000E+22
 1.000000E+22
 1.000000E+22
 1.000000E+22
 1.000000E+22
 1.000000E+22
 1.000000E+22
 1.000000E+22
 1.000000E+22
 1.000000E+22
 1.000000E+22
 1.000000E+22
 1.000000E+22
 1.000000E+22
 1.000000E+22