 8.102408E-10
 3566.021
 3.404942
 38408.94
 8.102408E-10
 3.217821E-08
 2.324447E-07
 1.835527E-06
 1.087456E-05
 4.595274E-05
 0.0001513412
 0.000415546
 0.0009947442
 0.002141175
 0.004233307
 0.007806692
 0.01358274
 0.0224913
 0.03568658
 0.05454806
 0.08066847
 0.1158198
 0.1619058
 0.2208957
 0.2947424
 0.3852965
 0.4942174
 0.6228831
 0.7723271
 0.9431724
 1.135604
 1.349363
 1.583752
 1.837666
 2.109649
 2.397922
 2.700516
 3.015288
 3.340005
 3.672423
 4.010321
 4.351596
 4.694273
 5.036549
 5.37681
 5.713637
 6.045837
 6.37247
 6.692787
 7.006237
 7.31247
 7.611292
 7.902694
 8.186756
 8.463696
 8.733812
 8.9975
 9.255194
 9.507355
 9.75451
 9.997163
 10.23588
 10.4712
 10.70361
 10.93367
 11.16184
 11.38862
 11.61446
 11.83975
 12.06491
 12.2903
 12.51621
 12.74303
 12.97094
 13.20022
 13.43108
 13.66365
 13.89816
 14.13467
 14.37333
 14.6142
 14.85734
 15.1028
 15.3506
 15.60076
 15.85324
 16.10804
 16.36515
 16.62449
 16.88604
 17.14973
 17.41549
 17.68324
 17.95291
 18.22439
 18.49765
 18.77253
 19.04905
 19.32703
 19.60644
 19.88719
 20.16921
 20.45238
 20.73663
 21.02187
 21.30805
 21.59508
 21.88292
 22.17147
 22.46066
 22.75044
 23.0407
 23.33145
 23.62261
 23.91415
 24.20601
 24.4982
 24.79061
 25.08318
 25.37595
 25.66886
 25.96188
 26.25499
 26.54818
 26.84141
 27.13461
 27.4278
 27.72093
 28.01391
 28.30681
 28.59958
 28.89215
 29.18455
 29.4767
 29.76861
 30.06024
 30.35163
 30.64263
 30.93332
 31.22355
 31.51337
 31.80271
 32.09156
 32.3799
 32.6676
 32.95475
 33.24122
 33.52702
 33.81213
 34.09649
 34.37997
 34.66265
 34.94444
 35.22521
 35.50506
 35.78394
 36.0617
 36.33836
 36.61399
 36.8884
 37.1616
 37.43362
 37.70433
 37.97379
 38.24191
 38.50863
 38.77399
 39.03791
 39.30037
 39.56136
 39.82085
 40.0789
 40.33535
 40.59022
 40.84356
 41.09527
 41.3454
 41.59397
 41.84089
 42.0863
 42.33012
 42.57233
 42.81306
 43.05213
 43.28964
 43.52564
 43.75994
 43.99286
 44.22427
 44.45403
 44.68236
 44.90917
 45.13456
 45.35855
 45.58108
 45.8023
 46.02211
 46.24063
 46.45784
 46.67375
 46.8884
 47.10185
 47.31414
 47.52515
 47.73505
 47.94383
 48.15145
 48.35802
 48.56354
 48.76799
 48.97147
 49.17394
 49.37555
 49.57615
 49.77584
 49.97469
 50.17271
 50.36985
 50.56612
 50.7616
 50.95638
 51.15034
 51.34352
 51.53602
 51.72779
 51.91889
 52.10929
 52.299
 52.4881
 52.67643
 52.86421
 53.05129
 53.23762
 53.42331
 53.60838
 53.79281
 53.97659
 54.1596
 54.342
 54.52376
 54.70485
 54.8853
 55.06506
 55.24409
 55.42243
 55.60011
 55.77706
 55.95331
 56.12889
 56.30367
 56.47774
 56.65093
 56.82342
 56.9951
 57.1659
 57.33592
 57.50507
 57.67341
 57.84092
 58.00748
 58.17307
 58.33785
 58.50176
 58.66459
 58.82656
 58.98739
 59.14735
 59.30617
 59.46402
 59.6208
 59.77646
 59.93108
 60.08469
 60.23719
 60.38861
 60.5389
 60.68804
 60.83599
 60.98281
 61.12839
 61.2728
 61.41596
 61.55787
 61.69864
 61.83823
 61.97641
 62.11339
 62.24912
 62.38366
 62.51688
 62.64882
 62.77953
 62.90887
 63.03698
 63.16383
 63.28931
 63.41351
 63.53651
 63.6581
 63.77844
 63.89751
 64.01515
 64.13154
 64.24667
 64.36038
 64.47289
 64.58407
 64.69392
 64.80238
 64.90952
 65.01531
 65.11994
 65.22317
 65.32516
 65.42593
 65.5254
 65.62356
 65.72046
 65.81606
 65.91042
 66.00352
 66.0953
 66.18592
 66.27516
 66.36327
 66.45016
 66.53584
 66.62018
 66.70344
 66.78545
 66.86633
 66.94604
 67.02461
 67.10204
 67.17827
 67.2533
 67.32729
 67.40012
 67.47179
 67.5424
 67.61186
 67.68031
 67.74758
 67.81383
 67.87896
 67.943
 68.00601
 68.06783
 68.12864
 68.18836
 68.2471
 68.30475
 68.3613
 68.41689
 68.47146
 68.52494
 68.57737
 68.62871
 68.67917
 68.72864
 68.77708
 68.82446
 68.87086
 68.91633
 68.96076
 69.00424
 69.04669
 69.08817
 69.12866
 69.16837
 69.20692
 69.24461
 69.28138
 69.31712
 69.3519
 69.38581
 69.41884
 69.45081
 69.48198
 69.51223
 69.54163
 69.57016
 69.59764
 69.62444
 69.65023
 69.67513
 69.69926
 69.72248
 69.74482
 69.76622
 69.78687
 69.80654
 69.82553
 69.8437
 69.86097
 69.87742
 69.89317
 69.90802
 69.92201
 69.93534
 69.94769
 69.95929
 69.97009
 69.98007
 69.98921
 69.99755
 70.00524
 70.0121
 70.01821
 70.02359
 70.02818
 70.03194
 70.0351
 70.03734
 70.03885
 70.0397
 70.03979
 70.03911
 70.03776
 70.03565
 70.03275
 70.02924
 70.02502
 70.02006
 70.01443
 70.00819
 70.00131
 69.99379
 69.98554
 69.97668
 69.96719
 69.95702
 69.94617
 69.93476
 69.9227
 69.91
 69.89677
 69.88279
 69.86826
 69.85311
 69.83741
 69.82097
 69.80392
 69.78641
 69.76823
 69.74938
 69.73013
 69.7103
 69.68982
 69.66881
 69.64728
 69.62514
 69.60236
 69.57926
 69.55555
 69.53135
 69.50661
 69.48147
 69.45574
 69.42957
 69.40283
 69.37567
 69.34789
 69.31966
 69.29108
 69.26196
 69.23234
 69.20228
 69.17179
 69.14073
 69.10947
 69.0776
 69.04543
 69.01271
 68.97964
 68.94619
 68.91218
 68.87772
 68.84296
 68.80774
 68.77211
 68.73599
 68.6996
 68.6628
 68.62555
 68.58803
 68.55006
 68.51163
 68.47295
 68.43382
 68.39433
 68.35454
 68.31443
 68.27393
 68.23316
 68.19197
 68.15049
 68.10867
 68.06643
 68.02404
 67.98122
 67.93812
 67.89473
 67.85087
 67.80673
 67.76241
 67.71776
 67.67271
 67.62726
 67.58179
 67.53592
 67.48973
 67.44336
 67.39674
 67.34989
 67.30259
 67.25518
 67.2075
 67.1596
 67.11144
 67.06308
 67.01442
 66.96545
 66.91632
 66.86685
 66.81712
 66.76704
 66.71689
 66.6663
 66.61562
 66.56482
 66.51364
 66.46227
 66.41058
 66.35873
 66.30675
 66.25451
 66.20193
 66.14928
 66.0964
 66.04319
 65.98986
 65.93633
 65.88271
 65.82883
 65.77492
 65.72083
 65.66644
 65.61201
 65.55732
 65.50243
 65.44743
 65.3922
 65.33669
 65.28109
 65.22533
 65.16957
 65.11349
 65.05728
 65.00092
 64.9444
 64.88766
 64.83075
 64.77378
 64.71638
 64.65907
 64.60153
