 8.102386E-08
 2.611531
 1504.837
 382.506
 8045711
 145157.9
 1.316381E+07
 2891281
 1.200318E+09
 1.486256E+09
 2.446525E+11
 9.686493E+11
 8.690548E+13
 7.810523E+15
 7.019716E+17
 6.309205E+19
 5.669355E+21
 5.094563E+23
 4.578198E+25
 4.114147E+27
 3.697235E+29
 3.32256E+31
 2.985837E+33
 2.683264E+35
 2.683264E+35
 2.683264E+35
 2.683264E+35
 2.683264E+35
 2.683264E+35
 2.683264E+35
 2.683264E+35
 2.683264E+35
 2.683264E+35
 2.683264E+35
 2.683264E+35
 2.683264E+35
 2.683264E+35
 2.683264E+35
 2.683264E+35
 2.683264E+35
 2.683264E+35
 2.683264E+35
 2.683264E+35
 2.683264E+35
 2.683264E+35
 2.683264E+35
 2.683264E+35
 2.683264E+35
 2.683264E+35
 2.683264E+35
 2.683264E+35
 2.683264E+35
 2.683264E+35
 2.683264E+35
 2.683264E+35
 8.102397E-09
 0.2640044
 0.4751465
 2.458509
 3.634934
 32.08655
 100.2994
 95.49369
 321635.5
 115762.5
 1910901
 1003296
 3.767708E+07
 3072871
 2.580333E+08
 679457.4
 1.339013E+08
 362685.1
 2.143931E+07
 1195819
 5.896243E+07
 3306247
 1.706046E+08
 7312262
 1.435552E+07
 6732565
 1.789909E+07
 7669826
 2.24722E+07
 5795513
 7508583
 6.541986E+11
 6.509859E+08
 5.163384E+08
 5.124616E+08
 5.288634E+08
 5.686593E+08
 6.107139E+08
 6.623094E+08
 7.172706E+08
 7.79232E+08
 8.464954E+08
 9.210475E+08
 1.01838E+09
 1.095571E+09
 1.201794E+09
 1.305192E+09
 1.425444E+09
 1.558402E+09
 1.704421E+09
 1.86866E+09
 2.046961E+09
 2.243697E+09
 2.461039E+09
 2.700499E+09
 2.964805E+09
 3.256926E+09
 3.579445E+09
 3.936096E+09
 4.33006E+09
 4.767105E+09
 5.251843E+09
 5.785614E+09
 6.375947E+09
 7.029111E+09
 7.75179E+09
 8.552066E+09
 9.437706E+09
 1.041885E+10
 1.150502E+10
 1.270859E+10
 1.404147E+10
